457733,461833,448592,444520,448656,463017,424164,407783,121125,407853,502085,407878,119125,400104,407924,285079,457122,434627,123348,446884,434663,408046,408052,430594,332292,430606,424465,150035,430618,283166,449079,430663,453198,430675,459371,449157,453281,346793,150188,346799,457422,346847,469735,457452,465657,150274,150284,400141,506648,434978,430900,445246,430913,460260,430941,150378,150382,430911,123790,150430,115629,430582,407297,349193,461836,279571,435221,407845,136263,461325,124000,121955,150337,430963,457922,228594,460029,449820,460677,211041,113961,435500,435538,112526,429400,406874,456027,464244,435620,433586,120401,425471,136727,488984,425507,407816,425530,425531,493131,425562,493161,452241,448165,114342,465629,444127,122620,446207,460580,450351,460602,444970,477003,493416,276336,116595,446341,425883,429984,429723,429724,425899,444370,450527,450545
276520,452718,444857,119608,435261,132260,425146,118120,433585,433587,425426,218596,425630,458713,425794
282656,219194,430912
462985,239795,434538,434628,453178,434884,150221,457429,430831,453385,133982,441368,113915,425226,284566,118158,462382,235095,407154,425827,434137
430935
501955,453192,400061,432934,467785,150359,460024,425487,477132
434622,445060,400062,451532,451595,111838,134320,150404,136602,493137,458709
276514,434637,430629,425514,460370,429714,475022
434180,434181,114849,501925,123118,121096,434442,475416,434579,276912,435619,434701,115216,123415,446899,434958,430683,150118,150119,150122,150144,400008,451257,150230,408310,445222,123725,150469,434666,150407,400291,424925,430589,430597,457761,240694,134321,434718,451767,488674,150414,458006,449072,454535,122195,429440,430634,456102,433581,470462,150011,275933,460283,460284,425561,458690,452240,429718,124604,456387,407842,429981
110683,120221,445156,429781,446209,425747,425818,116615
276542,408061,400125,502609,461904,435400,456034,449097,451491,451216,460657,454581
447714,434482,407872,434591,408069,408072,445090,467726,111492,461377,462522,450321,466838,407193,150185
150277,120485,136880
434378,282332,450308,276371
276530,451596,425658,461848,453344,502188,434669,430640,111244,400089,467683,458008
452657,458567,446454
430636,456501,429722,425848,429719
122987,434480,119154,434678,150319,451788,448306
217096,452733,435043,457796,433657,448147,450203
424324,434578,490063,453311,457453,430904,456043
346797,444446,407822,207267,430610,119215,430654,457448,434643,457468,430962,453515,435178,132220,460265,425528,429717,452249
133225,450282
123801
407793,407840,434638,430657,150116,408206,408241,457456,435179,435658,445968,407113,456589
430599,121386,334492,119469,279782,460105,433584,425386,450172,429720,218894
424805,277417,279824,433579,448159,425856
346800,124805,121556,407825,407884,455009,407908,407911,346855,453353,434565,444836,434665,434668,434671,408057,123387,430630,123431,430641,430661,430673,150153,400010,400058,115399,453329,234194,346848,134268,506606,430884,435039,461766,150474,435158,461791,461829,453646,445590,425840,459939,113833,119984,457918,453889,425186,425539,433589,435638,425492,118377,425646,425656,448200,429783,489189,407819,276351,429985,444371,453286,434159,456701
424144,131702,346798,400067,346871,150302,435044,115817,117955,460059,451482,493133,407296
431148,425555,421685,425844
430083,430101,444440,122915,114354,452676,462945,133221,501874,119827,452724,452725,434298,462995,215197,446624,469164,118967,458950,407779,407791,434438,121099,114971,448802,434479,454972,448842,407883,442707,282562,407896,448857,407901,121215,455047,502158,434587,461212,434592,276913,276914,455091,455092,434619,434623,444864,444865,473560,424426,434672,430579,430588,150037,430617,449060,468402,430642,430646,506432,430665,430666,457826,429721,459376,113296,408230,213680,469686,451256,451262,277184,400076,457428,457435,424668,400093,400113,457458,430837,406301,134003,150393,406402,150426,277405,123828,430580,430587,116034,117758,420864,461862,476206,136268,117842,435298,136304,457858,132241,457910,449777,455970,456585,462136,453954,449881,458730,112020,425861,435618,499107,433578,476601,457437,445926,452075,503285,451497,136734,445984,425510,110859,122477,119403,425606,491159,425628,425629,450212,425647,448178,448179,425657,116414,493247,452293,452298,450275,407298,450312,237346,425768,489265,456499,452237,448337,460639,446333,425860,454537,444354,282567,121250,444382,468962,466918,456682,446453,116734
