133221,502130,453329,121125,434482,453343,119154,121250,408052,123387,430610,502381,434564,453281,445090,213680,115399,446248,465657,460260,123801,430580,435178,132220,445590,113961,425562,448179,425656,446209,444970,444371
451596,211041,446641,501955,491220,407783,434438,502166,502188,434628,502272,430641,490063,150119,346799,465593,400093,346847,547820,457711,420864,279571,115817,459974,117955,457935,279782,120401,407816,452249,448165,425646,450275,450306,458713,435179
444444,446624,407842,502239,133225,408206,408230,400061,445156,346869,150274,451216,457567,435298,474226,406301,446321,451767,462136,460092,456034,433584,445971,489020,425543,493131,448200,218894
450665,430935,124805,123118,407853,133460,461212,502208,219594,434637,435619,490008,430630,448609,449079,453311,150221,150302,453515,150404,457707,134320,461872,240694,434718,279824,453954,449881,406874,435618,461325,460349,429718,448178,429780,425856,475022,453286,119125
430083,452656,452718,501925,450852,502085,446911,444884,434679,408072,115216,283166,453381,430673,150128,346797,346798,213711,150277,430897,123725,471911,471919,430911,450729,435221,116034,459999,228594,459345,218596,425466,118377,429714,491159,452259,444127,425883,444360
430589,407791,453344,407884,430597,446916,434298,451482,123828,435140,453646,488782,122195,453178,488846,435620,433578,445968,450308
434181,456029,424144,448753,446861,207267,434666,150035,453249,346793,445163,463645,430941,123790,150430,349193,461836,113898,433586,502009,445995,425530,493157,452241
467008,110683,471183,491703,453332,502032,407825,407908,407911,502158,434663,430606,430613,430663,434958,408241,457435,430962,499877,457461,457926,111838,488674,548092,462102,449820,451491,275933,425487,425531,425561,122477,134268,446207,425747,276351
462956,407901,434565,285079,455092,434671,430588,430665,430904,476011,425861,407845,136268,468504,519357,456043,466339,458220,460284,120485,425628,462522,444126,122620
276530,501874,450580,518516,448857,457117,457444,457428,469735,150249,457468,400125,502609,430963,277417,451532,407297,519144,461829,441368,431148,502621,431162,451775,407298,136600,476570,458250,493137,460370,425606,489189,407296,448287,450351,446264,425794,429901,446099
276514,469134,499856,469159,428420,407896,400104,276912,434665,449060,543339,467683,445246,424925,519145,465065,119984,456027,120221,460283,429717,425647,425655,116414,282332,489265,477003,458595,132980,460677,458709,466918,456701
119469,446341,219194,463017,458950,518875,407878,407924,434622,445197,449072,430675,400067,346848,434643,150319,430900,406402,455605,408057,435261,136263,408077,113833,425146,435500,476601,425386,503285,425539,493133,429720,136880,425860,407193,458730
501826,501869,407819,475416,442707,455009,434578,434641,150009,430636,430654,150144,445060,457422,471803,435044,277405,519240,519259,132260,459988,460024,460044,460072,112526,474463,133982,112020,407793,433581,435638,425426,430670,445926,460265,425555,235095,489052,450172,425630,448159,425768,458567,116615
346800,469690,452733,239795,501957,455374,451628,434638,430680,150118,150122,467726,448656,502706,445612,329092,425514,462382,460366,458006,465629,429781,450545
122915,448614,407797,434442,114971,477581,457796,444836,473560,434668,430629,430634,430638,131702,469686,457429,346871,400141,150359,435043,150469,543634,124000,435400,459987,458003,519455,435658,433657,488984,450203,124604,460602,489334,456589,284566,429723,458690,446454
444440,434538,424324,434591,408304,455091,434619,113296,400076,457425,457453,408310,547749,461766,457566,459939,425226,433579,425492,276056,407154,452217,452240,448147,452293,448306,121834,429719,276371,450527
461833,448592,444520,471162,434378,407822,434579,434590,451085,234194,457448,430889,150337,435039,150382,150438,115629,430582,430837,425844,136727,136734,425507,493161,493247,429783,421685,448337,460657,425848,534428,429981
451584,217096,489150,462995,407840,434479,444857,434669,408061,446899,453192,334492,400058,453307,400089,432934,430912,424805,111492,150407,457732,451595,425827,433587,470462,459371,425657,448269,458589
276520,452657,448694,121096,502165,434627,434672,430594,430599,430650,453268,150188,430831,430884,456501,466412,134321,460059,455970,464244,429440,433589,449097,446003,476811,452298,461791,493416,454537,477132,434137,456696
444436,444446,122987,462985,118158,119215,434678,458155,453198,150116,434623,150153,400062,434884,506606,457456,453385,445216,430942,400291,150011,455730,457918,449777,275700,460029,455961,460069,447714,425471,425528,429722,450282,121556,400010,453264,425840,501638,429985,446399,282567,444382,434159
