120042	3,0,2,0,0,0,0,0,0,0,0,1,1,0,0,0,0,0,0,0,0
120691	228,21,49,1,7,7,20,4,14,5,16,22,61,18,37,1,6,2,4,3,14
134001	207,18,44,1,5,4,17,3,18,5,9,22,52,12,45,3,14,1,3,0,0
150319	27,0,1,0,0,0,2,1,3,1,5,0,0,3,12,2,4,0,0,0,0
283051	55,4,10,0,0,0,3,1,10,0,4,5,10,0,12,1,6,0,0,0,0
400113	1,0,0,0,0,0,0,0,0,0,0,0,0,0,0,0,1,0,0,0,0
424324	6,0,2,0,0,0,0,0,0,0,0,0,0,0,4,0,0,0,0,0,0
425468	130,11,34,1,2,3,4,3,14,1,4,5,33,7,21,2,3,1,4,1,11
425567	742,61,153,2,7,33,96,30,88,14,41,52,144,33,120,7,22,1,9,18,62
434378	7,0,0,0,0,0,0,1,2,0,3,0,0,0,2,0,0,0,0,0,0
455113	9,3,4,1,2,0,0,0,0,0,0,1,2,0,1,0,0,0,0,0,0
459425	47,2,12,0,0,1,3,2,3,0,0,5,10,1,5,0,0,0,1,5,13
460261	73,7,24,0,2,2,8,0,1,0,0,1,13,4,15,0,6,0,1,2,3
464276	2,0,0,0,0,0,0,0,2,0,0,0,0,0,0,0,0,0,0,0,0
469721	11,3,7,0,0,0,0,0,1,0,0,1,2,0,0,0,0,0,1,0,0
501896	5,0,2,0,1,0,0,0,0,0,0,0,1,0,1,0,0,0,0,0,0
506648	7,0,2,0,0,0,0,0,0,0,0,1,2,0,3,0,0,0,0,0,0
132220	6,0,0,0,0,0,0,0,0,0,2,0,2,0,2,0,0,0,0,0,0
134002	43,7,16,1,4,1,6,0,1,1,1,4,9,1,4,0,0,0,2,0,0
150040	327,22,74,2,9,12,38,5,21,7,20,28,78,14,55,1,9,2,2,8,21
285131	501,51,128,3,9,15,50,11,28,12,43,43,129,18,79,6,15,1,1,5,19
400268	2,0,2,0,0,0,0,0,0,0,0,0,0,0,0,0,0,0,0,0,0
424325	191,16,42,0,3,8,20,5,8,3,13,19,43,20,45,3,8,0,2,2,7
425766	762,82,204,6,13,31,78,18,49,12,46,44,143,50,154,12,41,3,11,8,23
425865	13,1,6,0,1,0,0,0,0,0,0,3,6,0,0,0,0,0,0,0,0
430661	4,0,0,0,0,1,2,0,0,0,0,0,1,0,1,0,0,0,0,0,0
433587	3,0,0,0,0,2,2,0,1,0,0,0,0,0,0,0,0,0,0,0,0
444125	2,0,2,0,0,0,0,0,0,0,0,0,0,0,0,0,0,0,0,0,0
448833	8,1,4,0,0,0,0,0,0,0,0,1,3,0,1,0,0,0,0,0,0
449878	1,0,0,0,0,0,1,0,0,0,0,0,0,0,0,0,0,0,0,0,0
452199	2,0,1,0,0,0,0,0,0,0,0,0,1,0,0,0,0,0,0,0,0
452298	1,0,1,0,0,0,0,0,0,0,0,0,0,0,0,0,0,0,0,0,0
458887	1,0,1,0,0,0,0,0,0,0,0,0,0,0,0,0,0,0,0,0,0
461829	1,0,1,0,0,0,0,0,0,0,0,0,0,0,0,0,0,0,0,0,0
476058	1,0,0,0,0,0,0,0,1,0,0,0,0,0,0,0,0,0,0,0,0
488686	1,0,0,0,1,0,0,0,0,0,0,0,0,0,0,0,0,0,0,0,0
489126	1,0,1,0,0,0,0,0,0,0,0,0,0,0,0,0,0,0,0,0,0
496056	3,1,1,0,0,0,0,0,0,0,0,0,0,0,2,0,0,0,0,0,0
501941	5,2,5,0,0,0,0,0,0,0,0,0,0,0,0,0,0,0,0,0,0
112223	134,13,36,0,1,1,13,3,9,2,5,8,28,5,15,3,11,0,1,6,15
120044	686,63,140,3,8,22,59,17,47,12,33,67,175,43,125,11,22,1,6,26,71
121386	5,0,2,0,0,0,1,0,0,0,0,0,0,1,2,0,0,0,0,0,0
150393	3,0,0,0,0,0,0,0,0,0,0,0,0,0,3,0,0,0,0,0,0
276376	201,25,59,3,4,7,18,8,18,2,6,17,39,18,42,5,14,0,1,0,0
431157	373,37,91,3,5,8,23,13,44,7,16,21,71,14,50,13,28,0,2,14,43
434578	4,0,0,0,0,0,0,0,1,0,0,0,1,0,2,0,0,0,0,0,0
434622	82,3,17,0,0,0,5,0,3,3,8,4,21,3,25,1,3,0,0,0,0
442146	36,4,11,2,3,1,1,0,0,0,0,2,8,2,7,2,3,0,3,0,0
444379	14,4,8,0,1,0,0,0,2,0,0,0,3,0,0,0,0,0,0,0,0
450363	13,2,6,0,0,0,1,0,0,1,1,2,5,0,0,0,0,0,0,0,0
453531	39,3,5,0,1,3,6,1,10,0,0,0,11,1,6,0,0,0,0,0,0
454576	1,0,1,0,0,0,0,0,0,0,0,0,0,0,0,0,0,0,0,0,0
456006	18,3,10,0,1,0,0,0,0,0,0,3,6,0,0,0,0,0,0,1,1
456501	58,1,4,0,0,2,10,0,3,2,7,1,3,5,15,1,9,0,0,1,7
456655	346,36,92,1,10,7,24,3,10,6,21,34,87,20,72,7,15,1,3,5,12
458239	60,5,14,0,4,1,6,0,0,1,4,6,15,2,9,2,8,0,0,0,0
464377	2,0,1,0,0,0,0,0,0,0,0,0,1,0,0,0,0,0,0,0,0
467798	6,0,3,0,0,0,0,0,0,0,0,0,2,0,1,0,0,0,0,0,0
469129	1,0,1,0,0,0,0,0,0,0,0,0,0,0,0,0,0,0,0,0,0
472594	11,1,6,0,1,1,1,0,0,0,0,1,3,0,0,0,0,0,0,0,0
116338	682,47,130,5,15,19,55,25,74,7,26,57,155,40,111,13,37,0,6,25,73
119182	10,2,5,0,0,0,0,0,0,0,0,1,4,0,0,1,1,0,0,0,0
150295	1,0,0,0,0,0,0,0,0,0,0,0,0,0,0,0,0,0,0,0,1
276377	226,9,47,1,6,9,22,6,22,8,27,9,41,9,44,3,13,0,1,2,3
276520	78,5,16,0,0,6,17,1,4,0,2,3,7,7,22,3,10,0,0,0,0
400116	3,1,2,0,0,0,0,0,0,0,0,0,1,0,0,0,0,0,0,0,0
407849	511,47,125,4,18,8,45,10,31,30,64,21,98,28,81,6,35,1,1,3,13
420664	1,0,1,0,0,0,0,0,0,0,0,0,0,0,0,0,0,0,0,0,0
421104	1,0,1,0,0,0,0,0,0,0,0,0,0,0,0,0,0,0,0,0,0
425867	469,34,109,1,7,14,45,8,30,3,15,16,84,32,107,11,48,5,8,5,16
431158	64,8,19,0,3,0,2,1,3,2,4,6,11,4,12,0,0,1,1,4,9
433589	15,0,0,0,0,0,0,0,2,0,1,0,3,1,6,1,3,0,0,0,0
434579	4,0,3,0,0,0,0,0,1,0,0,0,0,0,0,0,0,0,0,0,0
434678	3,0,0,0,0,0,0,0,0,0,0,0,0,1,3,0,0,0,0,0,0
444875	132,19,54,0,0,3,9,1,5,1,6,7,26,4,16,1,3,2,4,2,9
445090	1,0,0,0,0,0,0,0,0,0,0,1,1,0,0,0,0,0,0,0,0
455369	0,0,0,0,0,0,0,0,0,0,0,0,0,0,0,0,0,0,0,0,0
456656	1,1,1,0,0,0,0,0,0,0,0,0,0,0,0,0,0,0,0,0,0
457448	1,0,1,0,0,0,0,0,0,0,0,0,0,0,0,0,0,0,0,0,0
490063	12,0,1,0,0,1,3,1,4,0,0,0,2,1,2,0,0,0,0,0,0
519395	0,0,0,0,0,0,0,0,0,0,0,0,0,0,0,0,0,0,0,0,0
122477	10,0,0,0,0,1,3,0,0,0,0,0,2,0,5,0,0,0,0,0,0
123610	8,0,3,0,0,1,1,0,0,0,0,2,3,0,0,0,0,0,1,0,0
150197	4,1,4,0,0,0,0,0,0,0,0,0,0,0,0,0,0,0,0,0,0
276521	19,4,7,1,1,0,2,1,1,0,0,2,3,3,4,1,1,0,0,0,0
400018	343,19,74,2,3,3,14,14,31,9,25,25,90,15,43,4,17,0,3,13,43
400090	173,16,45,2,6,3,17,3,6,3,5,17,41,9,28,2,6,2,4,3,15
425769	43,1,12,0,3,2,8,0,1,0,3,1,11,1,5,0,0,0,0,0,0
430565	441,38,93,7,10,29,70,12,37,4,32,27,81,26,66,19,43,0,5,1,4
430961	1,0,1,0,0,0,0,0,0,0,0,0,0,0,0,0,0,0,0,0,0
431159	440,45,108,1,4,14,44,12,50,7,14,42,103,22,53,9,23,1,5,9,36
434525	20,1,8,0,0,1,1,0,1,1,1,2,7,0,1,1,1,0,0,0,0
434624	106,13,34,0,1,1,3,1,9,1,6,7,22,3,14,3,8,0,0,4,9
434778	115,17,42,3,3,1,3,4,16,2,4,9,24,2,8,4,8,2,2,0,5
444876	42,7,20,0,0,2,3,0,0,0,0,2,6,5,10,0,0,0,1,0,2
446207	10,0,1,0,0,0,5,0,0,0,0,0,0,1,2,1,2,0,0,0,0
447747	1,0,1,0,0,0,0,0,0,0,0,0,0,0,0,0,0,0,0,0,0
453236	0,0,0,0,0,0,0,0,0,0,0,0,0,0,0,0,0,0,0,0,0
455117	1,0,0,0,0,0,0,0,0,0,0,1,1,0,0,0,0,0,0,0,0
455612	12,0,2,0,1,1,2,0,0,0,0,1,2,1,5,0,0,0,0,0,0
456701	13,0,0,0,0,0,4,0,0,0,0,2,3,1,4,0,0,0,0,0,2
460067	18,1,7,0,0,0,0,0,0,0,0,4,5,0,5,0,1,0,0,0,0
460265	4,0,1,0,0,1,1,0,0,0,0,0,0,1,2,0,0,0,0,0,0
464423	0,0,0,0,0,0,0,0,0,0,0,0,0,0,0,0,0,0,0,0,0
473234	22,2,8,0,0,0,0,0,0,1,2,0,5,2,6,0,0,0,1,0,0
488689	3,1,3,0,0,0,0,0,0,0,0,0,0,0,0,0,0,0,0,0,0
493133	71,5,14,0,1,3,13,0,1,1,3,7,22,3,14,0,0,0,0,0,3
514913	10,2,2,2,3,0,0,0,0,0,0,1,2,0,3,0,0,0,0,0,0
122027	385,32,97,3,11,18,57,14,43,14,30,25,76,14,39,4,12,1,6,4,14
150396	529,51,100,5,15,34,69,23,58,8,18,58,131,30,74,12,32,2,7,10,25
400091	646,52,117,3,8,26,56,39,102,9,21,48,126,33,107,10,26,2,8,26,75
400118	0,0,0,0,0,0,0,0,0,0,0,0,0,0,0,0,0,0,0,0,0
434625	188,25,63,0,1,7,19,3,6,1,7,11,37,8,22,5,18,1,6,4,9
435219	549,39,126,2,6,11,43,35,96,3,15,30,93,23,81,4,18,5,12,22,59
435714	12,3,7,0,0,0,0,0,0,1,1,0,3,0,1,0,0,0,0,0,0
451257	7,0,1,0,0,0,0,0,0,1,2,1,4,0,0,0,0,0,0,0,0
453886	3,0,2,0,0,0,0,0,0,0,0,0,1,0,0,0,0,0,0,0,0
454975	21,3,7,0,0,0,0,0,2,0,0,1,4,1,4,1,4,0,0,0,0
455091	1,0,0,0,0,0,0,0,0,0,0,0,0,0,1,0,0,0,0,0,0
458061	171,10,35,1,4,3,14,4,19,3,12,16,43,10,29,1,3,0,1,5,11
470364	1,0,0,0,0,0,0,0,0,0,0,0,1,0,0,0,0,0,0,0,0
488888	6,0,4,0,0,0,0,0,0,0,0,1,2,0,0,0,0,0,0,0,0
500207	2,0,2,0,0,0,0,0,0,0,0,0,0,0,0,0,0,0,0,0,0
524968	0,0,0,0,0,0,0,0,0,0,0,0,0,0,0,0,0,0,0,0,0
537739	1,0,0,0,0,0,0,0,0,0,1,0,0,0,0,0,0,0,0,0,0
112128	211,19,59,2,3,7,19,9,23,1,13,8,39,10,27,0,4,1,3,4,21
116539	727,54,138,7,16,34,96,26,72,19,53,59,160,37,116,10,22,4,7,22,47
119608	6,0,0,0,0,0,0,0,0,1,3,0,3,0,0,0,0,0,0,0,0
132720	370,28,84,2,7,9,27,3,21,11,30,23,79,30,67,8,43,0,2,4,10
217096	63,2,9,0,0,0,3,3,7,0,4,1,13,5,18,1,4,0,0,2,5
276523	36,4,13,2,2,0,0,0,2,0,0,1,6,3,9,1,2,1,2,0,0
282562	1,0,1,0,0,0,0,0,0,0,0,0,0,0,0,0,0,0,0,0,0
400290	417,34,92,7,11,9,45,15,43,5,16,26,80,27,94,10,33,1,3,0,0
408067	15,1,8,0,0,0,0,0,1,0,0,1,4,1,1,0,0,0,0,0,1
408210	597,47,123,5,12,17,43,27,76,12,26,43,118,45,105,10,33,1,6,18,55
424726	768,86,199,8,13,36,89,18,50,8,27,57,138,52,145,13,48,2,7,20,52
424825	448,44,102,0,6,23,55,20,54,9,29,35,91,18,56,3,14,2,5,14,36
425491	504,49,134,8,11,19,60,10,22,1,24,35,89,43,111,19,42,1,5,1,6
430567	9,1,4,0,1,0,1,1,1,0,0,2,2,0,0,0,0,0,0,0,0
430611	730,59,158,5,21,20,68,14,50,25,77,39,137,46,153,20,47,1,6,3,13
430963	0,0,0,0,0,0,0,0,0,0,0,0,0,0,0,0,0,0,0,0,0
434626	121,13,34,0,3,0,0,4,8,3,10,9,36,7,12,3,7,0,0,4,11
445093	12,2,7,1,1,0,0,0,0,1,1,1,3,0,0,0,0,0,0,0,0
445615	57,4,12,0,0,2,6,2,6,0,0,8,18,3,11,0,3,0,1,0,0
446209	3,0,0,0,0,0,0,0,1,0,2,0,0,0,0,0,0,0,0,0,0
446308	4,0,1,0,1,0,0,0,0,0,0,0,0,0,2,0,0,0,0,0,0
446858	0,0,0,0,0,0,0,0,0,0,0,0,0,0,0,0,0,0,0,0,0
450312	2,0,0,0,0,1,1,0,1,0,0,0,0,0,0,0,0,0,0,0,0
451500	24,4,6,1,1,0,0,0,3,1,1,1,5,0,2,1,3,0,0,1,3
453238	3,0,2,0,0,0,0,0,0,0,0,1,1,0,0,0,0,0,0,0,0
454525	4,2,2,0,0,0,0,0,0,0,0,0,2,0,0,0,0,0,0,0,0
455092	1,0,0,0,0,0,0,0,0,0,0,0,1,0,0,0,0,0,0,0,0
456406	1,0,1,0,0,0,0,0,0,0,0,0,0,0,0,0,0,0,0,0,0
460267	342,20,77,6,12,9,31,18,40,5,13,32,79,14,47,3,12,3,4,11,27
460366	1,0,1,0,0,0,0,0,0,0,0,0,0,0,0,0,0,0,0,0,0
462995	7,0,0,0,0,0,1,0,0,1,2,1,1,0,0,1,3,0,0,0,0
465668	87,13,28,1,3,1,10,2,10,0,0,4,16,5,18,1,2,0,0,0,0
474523	5,0,1,0,0,0,0,0,0,0,0,1,4,0,0,0,0,0,0,0,0
485567	10,3,5,2,2,0,0,0,0,0,2,0,0,0,1,0,0,0,0,0,0
502161	2,1,2,0,0,0,0,0,0,0,0,0,0,0,0,0,0,0,0,0,0
519299	2,0,1,0,0,0,0,0,0,0,0,0,0,0,0,0,0,1,1,0,0
123415	1,0,0,0,0,0,0,0,0,0,0,0,1,0,0,0,0,0,0,0,0
150244	37,2,12,0,1,0,0,0,0,0,0,2,10,2,8,0,2,0,0,1,4
150398	399,28,96,2,7,22,54,4,26,8,21,27,82,13,62,12,42,2,5,3,4
275930	433,38,82,1,4,8,34,26,61,9,25,34,103,24,71,6,23,0,2,10,28
400093	1,1,1,0,0,0,0,0,0,0,0,0,0,0,0,0,0,0,0,0,0
405395	699,72,141,12,22,36,105,24,44,32,52,70,158,62,121,16,30,2,3,12,23
408211	185,12,49,2,7,4,14,8,21,5,14,9,30,8,27,1,3,1,3,7,17
408310	1,0,1,0,0,0,0,0,0,0,0,0,0,0,0,0,0,0,0,0,0
424925	3,0,1,0,0,0,0,0,0,0,0,1,2,0,0,0,0,0,0,0,0
425492	2,0,0,0,0,0,1,0,0,0,0,0,0,0,1,0,0,0,0,0,0
430667	14,1,5,0,1,0,0,0,0,0,2,2,4,0,2,0,0,0,0,0,0
434627	2,0,0,0,0,0,0,0,0,0,0,0,2,0,0,0,0,0,0,0,0
445968	9,1,3,0,0,0,0,0,0,0,0,0,3,2,3,0,0,0,0,0,0
446381	0,0,0,0,0,0,0,0,0,0,0,0,0,0,0,0,0,0,0,0,0
447849	53,8,16,0,0,1,1,0,3,1,5,3,14,3,12,1,2,0,0,0,0
450566	2,0,1,0,0,0,0,0,0,0,0,1,1,0,0,0,0,0,0,0,0
451259	12,1,4,0,0,0,2,1,1,0,1,0,1,2,3,0,0,0,0,0,0
452249	68,8,21,1,2,4,8,2,6,0,1,4,10,4,16,1,3,0,0,0,1
454977	13,2,7,0,0,0,0,0,0,0,0,2,3,1,1,0,0,0,0,1,2
465713	1,0,1,0,0,0,0,0,0,0,0,0,0,0,0,0,0,0,0,0,0
502261	5,0,2,0,0,0,0,0,0,0,0,1,3,0,0,0,0,0,0,0,0
518750	3,0,2,0,0,0,0,0,0,0,0,0,0,0,0,0,0,0,1,0,0
112526	2,0,0,0,0,0,2,0,0,0,0,0,0,0,0,0,0,0,0,0,0
407871	32,7,18,0,1,0,0,0,0,0,1,3,6,0,3,0,0,0,1,0,2
408212	475,36,120,4,16,14,45,18,44,5,9,42,112,25,79,4,21,2,8,8,21
408311	88,6,18,0,2,4,15,0,5,2,4,7,22,4,14,1,3,1,3,1,2
430668	407,31,94,1,2,15,47,8,20,5,24,28,97,26,80,10,25,3,6,5,12
430910	39,9,22,1,2,0,1,0,0,0,1,4,9,0,2,2,2,0,0,0,0
430965	442,37,102,5,9,14,45,12,31,11,30,39,91,28,83,15,35,2,4,6,12
434628	2,1,2,0,0,0,0,0,0,0,0,0,0,0,0,0,0,0,0,0,0
435041	610,43,118,3,7,34,91,29,69,15,38,58,133,30,83,11,30,5,10,12,31
445095	37,8,15,1,3,2,6,0,0,1,3,3,10,0,0,0,0,0,0,0,0
445590	18,1,5,0,0,3,5,0,0,0,1,0,3,0,2,0,0,0,0,1,2
446382	228,29,67,4,7,5,13,8,18,4,17,20,51,17,41,2,3,2,2,2,9
446481	201,12,52,0,3,3,11,9,28,0,0,12,51,6,18,2,7,1,2,9,29
450314	274,31,75,1,8,6,14,8,20,4,8,23,83,10,40,6,13,0,1,4,12
452646	3,1,2,0,0,0,0,0,0,0,0,0,1,0,0,0,0,0,0,0,0
453889	19,1,1,0,0,0,0,1,7,2,2,1,4,1,4,0,1,0,0,0,0
460269	5,1,4,0,0,0,0,0,0,0,0,0,0,0,1,0,0,0,0,0,0
461853	3,1,1,0,0,0,0,0,0,0,0,0,0,0,1,0,0,0,1,0,0
475416	5,0,1,0,0,0,2,0,2,0,0,0,0,0,0,0,0,0,0,0,0
489150	2,0,1,0,0,0,0,1,1,0,0,0,0,0,0,0,0,0,0,0,0
490563	0,0,0,0,0,0,0,0,0,0,0,0,0,0,0,0,0,0,0,0,0
493137	2,0,2,0,0,0,0,0,0,0,0,0,0,0,0,0,0,0,0,0,0
502262	2,1,1,0,0,0,0,0,0,0,0,0,1,0,0,0,0,0,0,0,0
506673	20,2,5,1,1,0,0,0,0,0,0,4,7,2,6,0,0,0,1,0,0
518454	1,0,0,0,0,0,0,0,0,0,0,0,1,0,0,0,0,0,0,0,0
117928	352,35,90,4,13,12,36,8,33,11,26,24,79,22,56,10,15,0,1,1,3
134181	664,51,150,4,15,21,78,26,80,16,48,46,140,31,74,10,27,5,14,13,38
204020	726,64,148,10,19,43,95,32,65,19,51,56,140,53,120,25,70,3,9,4,9
277417	7,0,2,0,0,0,0,0,0,0,0,1,2,0,3,0,0,0,0,0,0
408213	332,26,78,8,16,10,33,9,39,3,9,33,81,16,42,5,12,3,7,5,15
408312	583,52,145,5,8,12,61,17,50,6,27,33,110,28,106,20,60,3,3,5,13
425818	2,0,0,0,0,0,0,0,0,0,0,0,0,0,0,1,2,0,0,0,0
430669	12,2,5,0,0,2,2,0,0,1,2,0,2,0,1,0,0,0,0,0,0
430911	1,0,1,0,0,0,0,0,0,0,0,0,0,0,0,0,0,0,0,0,0
435042	255,20,69,2,3,12,33,7,20,6,20,14,60,11,34,3,9,0,1,3,6
435619	15,0,1,0,0,2,2,0,1,0,0,2,2,2,8,0,1,0,0,0,0
445195	74,4,16,1,3,1,4,3,13,1,1,11,23,1,7,0,0,0,0,2,7
448165	1,0,0,0,0,0,0,0,0,0,0,0,1,0,0,0,0,0,0,0,0
451107	1,0,1,0,0,0,0,0,0,0,0,0,0,0,0,0,0,0,0,0,0
456030	821,77,183,2,14,45,110,33,79,15,41,44,152,55,125,14,33,5,10,26,74
456481	9,0,7,0,0,0,0,0,0,0,0,0,1,0,1,0,0,0,0,0,0
466480	0,0,0,0,0,0,0,0,0,0,0,0,0,0,0,0,0,0,0,0,0
476704	373,38,99,3,6,8,27,10,27,9,20,23,67,28,68,2,9,1,5,12,45
519445	7,2,5,0,0,0,0,0,0,0,0,0,1,0,1,0,0,0,0,0,0
150148	415,31,87,3,5,21,56,18,52,8,25,22,82,19,54,3,13,2,6,7,35
206551	614,62,138,4,11,10,39,29,57,8,17,59,150,34,101,8,27,4,7,13,67
400140	243,26,67,2,8,5,19,4,17,2,11,19,65,5,29,2,6,1,8,3,13
407576	99,11,34,4,5,3,9,0,0,1,2,10,26,6,14,2,8,1,1,0,0
430912	80,4,11,0,0,4,11,2,11,1,4,1,6,6,23,2,10,0,2,0,2
435043	67,3,9,0,0,0,0,2,4,1,5,7,16,1,19,4,13,0,0,1,1
445196	157,10,35,2,3,7,9,6,22,4,11,14,46,5,10,0,3,4,4,5,14
447770	1,0,0,0,0,0,0,0,0,0,0,0,0,0,0,0,0,0,1,0,0
449156	1,0,1,0,0,0,0,0,0,0,0,0,0,0,0,0,0,0,0,0,0
450217	1,0,1,0,0,0,0,0,0,0,0,0,0,0,0,0,0,0,0,0,0
453539	22,3,7,0,0,1,3,0,3,0,1,3,6,0,1,0,0,0,1,0,0
456031	1,1,1,0,0,0,0,0,0,0,0,0,0,0,0,0,0,0,0,0,0
460090	0,0,0,0,0,0,0,0,0,0,0,0,0,0,0,0,0,0,0,0,0
466283	10,3,4,0,0,0,0,0,3,0,0,0,1,0,0,0,0,1,2,0,0
489251	2,1,2,0,0,0,0,0,0,0,0,0,0,0,0,0,0,0,0,0,0
491159	1,0,0,0,0,0,0,0,0,0,0,0,0,0,0,0,1,0,0,0,0
499926	0,0,0,0,0,0,0,0,0,0,0,0,0,0,0,0,0,0,0,0,0
502165	1,0,0,0,0,0,0,0,0,0,0,0,0,0,1,0,0,0,0,0,0
113915	16,1,1,0,0,0,0,0,0,0,0,0,0,3,8,3,4,0,0,1,3
114031	69,7,19,0,1,5,11,2,3,2,7,4,14,5,10,0,0,2,2,0,2
123040	139,20,58,3,12,0,5,3,4,1,6,9,28,7,16,1,4,1,3,0,3
279570	8,1,6,0,0,0,0,0,0,0,0,1,2,0,0,0,0,0,0,0,0
282567	15,0,0,0,0,0,4,0,3,0,3,0,0,2,5,0,0,0,0,0,0
400141	1,0,0,0,0,0,0,0,1,0,0,0,0,0,0,0,0,0,0,0,0
408314	822,60,162,10,27,29,67,24,81,12,30,60,187,80,208,14,35,3,11,6,14
425496	536,53,142,4,9,13,52,13,42,4,22,41,119,24,76,23,55,3,9,2,10
430913	10,1,1,0,0,0,0,0,0,0,1,1,1,1,2,0,2,0,0,1,3
435044	5,1,1,0,0,0,0,0,0,0,0,2,2,1,2,0,0,0,0,0,0
435198	0,0,0,0,0,0,0,0,0,0,0,0,0,0,0,0,0,0,0,0,0
446132	43,5,21,0,1,0,1,0,0,0,0,4,6,1,8,2,6,0,0,0,0
449157	4,0,2,0,0,1,2,0,0,0,0,0,0,0,0,0,0,0,0,0,0
451109	11,1,6,0,0,0,0,0,0,0,0,0,2,0,1,1,2,0,0,0,0
455141	3,0,1,0,0,0,0,2,2,0,0,0,0,0,0,0,0,0,0,0,0
458210	453,34,90,1,7,18,43,23,50,8,26,27,85,19,61,11,19,3,9,29,63
465041	7,0,2,0,0,0,0,0,3,0,0,1,1,0,0,0,0,1,1,0,0
471107	71,7,19,0,0,2,7,2,4,1,4,9,21,1,3,1,4,0,0,3,9
113240	413,19,74,4,9,19,60,15,44,0,5,32,93,22,66,11,35,1,5,8,22
123041	172,16,34,0,1,7,16,4,17,4,15,13,34,11,27,2,2,0,3,6,23
136263	6,0,2,0,0,1,1,0,0,0,1,0,1,0,0,0,1,0,0,0,0
150348	237,22,60,1,3,4,19,9,22,8,14,8,41,8,33,4,6,1,5,9,34
279571	11,0,0,0,0,1,2,1,2,0,0,1,2,1,5,0,0,0,0,0,0
400098	289,21,55,3,7,9,25,9,21,1,6,28,80,14,41,6,22,1,3,8,29
425497	4,0,1,0,0,0,0,0,0,0,0,0,3,0,0,0,0,0,0,0,0
425794	72,6,14,1,2,2,6,2,7,3,6,7,24,2,9,0,4,0,0,0,0
430590	24,4,15,0,0,0,0,0,0,0,0,0,6,0,0,1,1,0,0,1,2
430617	1,0,1,0,0,0,0,0,0,0,0,0,0,0,0,0,0,0,0,0,0
435045	8,2,5,0,0,0,0,0,1,0,0,1,2,0,0,0,0,0,0,0,0
444351	3,0,1,0,0,0,0,0,0,0,0,0,1,1,1,0,0,0,0,0,0
450192	106,8,26,0,0,3,14,1,5,0,5,2,17,4,18,6,16,0,0,2,5
451803	25,1,8,0,0,0,0,0,0,0,0,0,4,2,10,0,1,1,2,0,0
453261	2,0,0,0,0,0,0,0,0,0,0,0,1,0,1,0,0,0,0,0,0
456781	1,0,0,0,0,0,0,0,0,0,0,0,1,0,0,0,0,0,0,0,0
490314	9,1,1,0,0,0,0,0,0,0,3,0,3,0,1,0,1,0,0,0,0
505830	0,0,0,0,0,0,0,0,0,0,0,0,0,0,0,0,0,0,0,0,0
111838	5,0,0,0,0,0,0,0,0,0,0,0,3,0,2,0,0,0,0,0,0
116662	296,27,83,3,11,4,17,3,18,4,23,17,64,16,65,1,6,0,2,2,7
133140	47,5,14,0,2,0,2,0,0,1,4,5,10,1,4,2,6,1,1,1,4
136660	648,68,173,3,13,23,68,12,38,25,52,46,110,51,127,10,42,2,7,6,18
137001	21,4,9,0,2,0,0,0,0,0,0,1,5,0,0,0,2,0,1,0,2
236155	77,8,26,0,3,1,4,2,4,4,7,5,19,4,12,0,0,0,2,0,0
346793	1,0,0,0,0,0,0,0,0,0,0,0,0,0,0,0,1,0,0,0,0
407777	141,11,34,1,9,4,17,5,15,4,7,7,33,3,13,3,6,0,1,2,6
407821	4,0,0,0,0,0,0,0,0,0,0,0,0,2,3,0,0,0,1,0,0
407876	70,8,20,0,2,1,3,0,0,0,3,3,13,8,24,2,3,1,2,0,0
425146	6,0,0,0,0,0,0,0,0,0,0,0,4,0,2,0,0,0,0,0,0
425542	27,1,9,0,0,0,2,1,2,0,0,1,8,0,2,1,3,0,1,0,0
430041	1,0,0,0,0,0,0,0,0,0,0,0,0,1,1,0,0,0,0,0,0
430591	13,4,6,0,0,0,0,1,1,0,0,1,4,0,2,0,0,0,0,0,0
430618	1,0,1,0,0,0,0,0,0,0,0,0,0,0,0,0,0,0,0,0,0
446233	3,0,1,0,0,1,1,0,0,0,0,1,1,0,0,0,0,0,0,0,0
449159	1,0,1,0,0,0,0,0,0,0,0,0,0,0,0,0,0,0,0,0,0
450292	2,0,1,0,1,0,0,0,0,0,0,0,0,0,0,0,0,0,0,0,0
453064	469,38,119,4,8,9,24,7,32,11,27,48,124,35,100,6,17,1,5,2,13
456430	5,1,4,0,0,0,0,0,0,0,0,0,1,0,0,0,0,0,0,0,0
457420	198,9,53,2,2,2,11,8,32,1,3,12,49,2,11,2,10,1,3,6,24
460093	1,0,1,0,0,0,0,0,0,0,0,0,0,0,0,0,0,0,0,0,0
461858	2,0,1,0,0,0,0,0,0,0,0,1,1,0,0,0,0,0,0,0,0
489001	0,0,0,0,0,0,0,0,0,0,0,0,0,0,0,0,0,0,0,0,0
137002	290,38,93,5,12,7,25,4,12,8,15,21,61,15,55,6,16,0,1,0,0
150070	2,0,0,0,1,0,0,0,0,0,0,0,1,0,0,0,0,0,0,0,0
150449	529,39,128,3,12,23,64,16,38,13,28,41,124,31,79,13,28,1,6,6,22
407822	45,3,12,0,1,0,2,2,5,1,4,3,8,2,9,0,4,0,0,0,0
425543	26,4,11,0,0,0,1,3,5,0,0,2,7,0,2,0,0,0,0,0,0
425796	696,64,167,9,24,16,84,14,43,10,36,32,141,40,125,19,54,0,8,4,14
425840	1,0,1,0,0,0,0,0,0,0,0,0,0,0,0,0,0,0,0,0,0
430592	276,41,97,2,5,6,28,5,10,10,28,10,45,12,38,3,12,2,4,2,9
435399	1,0,1,0,0,0,0,0,0,0,0,0,0,0,0,0,0,0,0,0,0
452075	2,0,0,0,0,0,0,0,0,0,0,0,0,0,0,0,1,0,0,1,1
453362	3,0,1,0,0,0,0,0,0,0,0,1,1,1,1,0,0,0,0,0,0
456035	3,2,2,0,0,0,0,0,0,0,0,1,1,0,0,0,0,0,0,0,0
456585	2,0,1,0,0,0,0,0,0,0,0,0,0,0,1,0,0,0,0,0,0
458015	650,53,154,3,10,25,66,10,31,22,52,50,125,45,127,20,58,4,8,6,19
461859	1,0,0,0,0,0,0,0,0,0,0,0,1,0,0,0,0,0,0,0,0
470516	1,0,0,0,0,0,0,0,0,0,0,0,1,0,0,0,0,0,0,0,0
471083	208,17,41,2,5,3,7,7,15,4,14,16,53,14,51,5,15,2,5,1,2
477177	1,0,0,0,0,0,0,0,0,0,0,0,1,0,0,0,0,0,0,0,0
489156	3,0,1,0,0,0,0,0,0,0,0,0,2,0,0,0,0,0,0,0,0
114909	233,26,76,2,5,8,26,3,10,0,3,21,63,13,34,2,6,0,5,3,5
115223	665,50,118,5,12,18,51,20,76,8,27,60,156,47,110,11,35,2,6,32,74
120074	575,51,131,2,11,28,74,24,59,9,30,38,112,30,78,8,21,4,6,19,53
133340	1,0,0,0,0,0,0,0,0,0,0,0,0,0,1,0,0,0,0,0,0
136860	747,52,153,8,18,31,69,29,71,15,32,66,170,73,182,12,29,1,6,6,17
150071	382,32,90,5,8,13,38,13,41,7,23,28,70,28,81,13,29,2,2,0,0
276054	62,9,26,0,1,3,6,1,2,2,4,6,15,2,4,0,1,1,1,1,2
276351	4,0,1,0,0,0,0,0,0,0,0,0,0,0,0,1,3,0,0,0,0
346795	342,28,99,5,15,8,22,10,29,2,5,27,81,19,58,10,22,3,5,3,6
407878	1,0,0,0,1,0,0,0,0,0,0,0,0,0,0,0,0,0,0,0,0
408219	306,24,74,3,8,19,46,7,19,1,11,24,64,11,39,4,21,3,5,10,19
429801	40,5,20,1,2,1,3,0,0,0,0,3,9,0,2,0,3,0,1,0,0
430593	542,49,130,3,7,11,42,22,55,4,22,49,125,19,63,4,16,3,7,25,75
430917	332,33,95,1,7,10,27,4,10,1,2,37,81,23,62,13,32,3,9,4,7
435598	10,3,8,0,0,0,0,0,0,0,0,1,1,0,0,0,0,1,1,0,0
444354	2,0,0,0,1,0,0,0,0,0,0,0,1,0,0,0,0,0,0,0,0
446334	695,50,127,8,16,31,96,21,68,9,28,51,162,36,108,10,27,4,11,15,52
446532	2,0,0,0,0,0,0,0,0,0,0,0,2,0,0,0,0,0,0,0,0
446884	5,0,0,0,1,0,0,0,0,0,0,0,2,1,2,0,0,0,0,0,0
451482	6,2,3,0,0,0,0,0,0,1,1,1,2,0,0,0,0,0,0,0,0
457422	1,0,0,0,0,0,0,0,0,0,0,0,0,1,1,0,0,0,0,0,0
457477	58,9,24,1,1,0,3,1,3,0,0,4,11,2,7,3,9,0,0,0,0
458665	1,0,1,0,0,0,0,0,0,0,0,0,0,0,0,0,0,0,0,0,0
461382	2,0,0,0,0,0,0,0,1,0,0,1,1,0,0,0,0,0,0,0,0
503556	1,0,0,0,1,0,0,0,0,0,0,0,0,0,0,0,0,0,0,0,0
136267	693,74,152,10,24,30,98,20,49,16,47,58,145,34,115,11,31,2,5,12,27
136663	3,1,1,0,0,0,0,0,0,0,0,1,1,0,0,0,0,0,0,1,1
237346	1,0,0,0,0,0,0,0,0,0,0,0,1,0,0,0,0,0,0,0,0
276055	712,59,154,6,14,13,51,19,50,24,53,68,157,60,161,16,55,3,5,7,12
346796	34,7,16,0,1,0,0,2,2,0,0,1,8,2,5,0,2,0,0,0,0
421684	45,7,19,1,1,3,7,0,1,0,0,4,8,3,6,1,2,0,0,0,1
425446	451,44,122,5,15,27,65,14,28,5,19,31,90,31,76,4,17,3,5,7,14
425545	481,41,127,5,9,16,43,11,30,6,15,37,107,32,79,23,59,1,3,4,9
430594	3,1,1,0,0,0,0,0,0,0,0,1,1,0,0,0,0,1,1,0,0
434158	666,60,125,2,11,18,55,24,52,18,44,49,164,40,115,11,33,4,11,18,56
444355	6,3,4,0,0,0,0,0,0,0,0,0,0,0,1,0,0,0,0,0,1
449080	1,1,1,0,0,0,0,0,0,0,0,0,0,0,0,0,0,0,0,0,0
449107	468,44,105,2,3,7,29,22,59,3,18,45,102,16,59,10,34,0,1,22,58
451186	652,54,149,5,15,24,71,24,67,16,37,37,118,48,136,18,50,0,2,1,7
452121	134,15,40,1,3,1,7,8,14,0,5,9,41,3,15,1,5,0,2,0,2
452220	715,61,164,2,16,18,54,14,44,17,48,51,152,57,157,26,62,1,6,5,12
452671	16,2,5,0,1,0,0,1,3,0,0,4,7,0,0,0,0,0,0,0,0
455047	1,0,0,0,0,0,0,0,0,0,0,0,0,0,1,0,0,0,0,0,0
456488	2,0,1,0,0,0,0,0,0,0,0,0,1,0,0,0,0,0,0,0,0
458567	10,0,1,0,0,1,1,0,0,1,3,0,0,2,2,3,3,0,0,0,0
468368	0,0,0,0,0,0,0,0,0,0,0,0,0,0,0,0,0,0,0,0,0
491380	1,0,0,0,0,0,0,0,0,0,0,0,0,1,1,0,0,0,0,0,0
502017	1,0,1,0,0,0,0,0,0,0,0,0,0,0,0,0,0,0,0,0,0
518957	8,0,3,1,1,0,0,0,0,0,0,1,1,2,3,0,0,0,0,0,0
117601	771,58,170,11,23,31,85,20,51,18,58,56,159,55,145,19,49,3,8,10,23
136664	137,14,38,1,3,6,18,3,8,1,2,7,18,6,27,4,17,0,1,2,5
232694	676,64,160,4,15,32,84,19,56,7,31,58,150,42,100,13,38,0,4,9,38
346797	1,0,0,0,0,0,0,0,0,0,0,0,1,0,0,0,0,0,0,0,0
407924	5,0,2,0,1,0,0,0,0,0,0,0,2,0,0,0,0,0,0,0,0
421685	62,3,7,0,0,0,4,1,6,0,10,4,19,3,9,1,7,0,0,0,0
440918	4,0,0,0,1,0,0,0,0,0,0,1,2,1,1,0,0,0,0,0,0
445599	44,4,15,1,1,2,2,1,4,0,0,3,8,1,8,0,1,2,2,0,3
448767	49,1,10,1,1,4,8,0,2,2,3,3,7,4,9,0,0,1,1,3,8
448811	1,0,1,0,0,0,0,0,0,0,0,0,0,0,0,0,0,0,0,0,0
451088	0,0,0,0,0,0,0,0,0,0,0,0,0,0,0,0,0,0,0,0,0
452221	183,12,43,0,1,5,28,7,20,2,7,16,41,8,29,1,4,0,0,5,10
452672	120,14,38,0,2,6,15,0,0,1,9,15,34,6,12,3,5,0,2,1,3
453068	25,1,8,0,0,0,2,0,0,0,0,4,6,1,3,2,3,1,3,0,0
453211	6,1,3,1,1,0,0,0,0,0,0,0,2,0,0,0,0,0,0,0,0
458568	5,0,4,0,0,0,0,0,0,0,0,1,1,0,0,0,0,0,0,0,0
467676	4,2,3,0,0,0,0,0,0,0,0,1,1,0,0,0,0,0,0,0,0
488862	638,59,153,12,16,34,84,9,36,11,31,46,124,51,125,20,52,0,4,3,13
110870	50,4,18,0,0,2,4,1,2,2,5,3,11,3,6,1,1,0,0,0,3
116414	2,0,1,0,0,0,0,0,0,0,0,0,1,0,0,0,0,0,0,0,0
123245	333,24,71,3,7,6,26,20,58,4,19,24,69,16,46,3,6,2,5,8,26
137006	372,39,105,8,14,9,29,12,26,3,10,32,82,25,56,10,32,3,6,3,12
276354	258,14,59,0,5,11,35,9,26,2,7,18,50,21,49,7,15,2,4,0,8
279577	274,34,77,3,7,6,20,8,13,14,22,25,56,21,56,4,15,1,2,3,6
280061	86,10,30,0,2,1,3,0,3,4,10,2,19,3,13,0,5,0,1,0,0
346798	76,2,7,0,1,1,10,0,0,2,12,2,10,7,30,0,0,0,0,4,6
425547	595,58,148,5,18,18,37,16,37,7,35,51,118,58,139,9,35,1,5,11,23
425646	1,0,1,0,0,0,0,0,0,0,0,0,0,0,0,0,0,0,0,0,0
425844	10,1,3,0,0,0,0,0,0,0,0,1,2,0,2,0,0,0,0,1,3
430596	1,0,0,0,0,0,0,0,0,0,0,0,1,0,0,0,0,0,0,0,0
430640	288,16,78,2,5,5,27,7,28,4,23,15,65,9,34,2,9,1,1,4,18
444555	4,0,3,0,1,0,0,0,0,0,0,0,0,0,0,0,0,0,0,0,0
446436	12,2,5,0,1,0,0,0,0,0,0,1,4,0,1,0,0,1,1,0,0
448290	0,0,0,0,0,0,0,0,0,0,0,0,0,0,0,0,0,0,0,0,0
449082	12,3,7,0,1,0,0,0,0,0,0,0,2,0,1,0,0,0,1,0,0
449181	1,0,0,0,0,0,0,0,0,0,0,0,1,0,0,0,0,0,0,0,0
450819	6,0,1,0,0,1,2,0,0,0,0,0,1,2,2,0,0,0,0,0,0
451188	266,22,79,1,7,9,31,1,2,8,25,12,44,10,44,4,22,1,2,2,10
453014	0,0,0,0,0,0,0,0,0,0,0,0,0,0,0,0,0,0,0,0,0
453311	82,2,6,0,0,2,6,1,5,2,9,2,14,9,26,3,13,1,3,0,0
456589	42,0,3,0,0,0,9,0,11,0,4,0,3,2,10,0,2,0,0,0,0
457524	0,0,0,0,0,0,0,0,0,0,0,0,0,0,0,0,0,0,0,0,0
457821	73,5,17,1,1,0,3,0,0,0,3,4,13,5,14,0,3,0,1,5,18
462375	16,3,6,0,0,0,0,1,2,1,1,2,6,0,0,0,0,0,1,0,0
489204	1,0,0,0,0,0,0,0,0,0,0,0,0,1,1,0,0,0,0,0,0
497575	1,0,0,0,0,0,0,0,0,0,0,0,1,0,0,0,0,0,0,0,0
501920	0,0,0,0,0,0,0,0,0,0,0,0,0,0,0,0,0,0,0,0,0
117955	88,2,9,0,0,2,8,2,15,1,4,6,12,11,31,0,6,1,1,0,2
120221	14,1,4,0,0,0,2,0,0,1,4,1,1,1,2,1,1,0,0,0,0
150020	326,37,87,2,4,15,36,7,16,8,17,30,76,23,62,7,19,5,6,2,3
279578	21,4,10,1,1,0,0,0,2,0,0,2,6,1,1,0,0,0,0,1,1
292294	11,4,7,0,0,0,3,0,0,0,0,0,0,1,1,0,0,0,0,0,0
400149	1,0,1,0,0,0,0,0,0,0,0,0,0,0,0,0,0,0,0,0,0
408042	417,27,100,8,21,19,49,23,50,3,15,33,95,22,55,4,15,0,2,2,15
425548	707,60,182,8,21,12,48,14,41,17,44,55,150,55,151,18,47,2,6,5,17
430597	26,1,3,0,0,2,3,1,2,0,2,1,5,0,2,0,7,0,0,2,2
430641	4,0,0,0,0,0,0,0,0,0,1,0,2,1,1,0,0,0,0,0,0
430894	19,3,7,0,3,0,0,1,3,0,0,1,4,0,1,0,0,0,1,0,0
434601	8,1,7,0,0,0,0,0,0,0,0,0,1,0,0,0,0,0,0,0,0
449803	3,0,1,0,0,0,0,0,0,0,0,0,0,0,1,0,0,1,1,0,0
450595	2,0,0,0,0,1,2,0,0,0,0,0,0,0,0,0,0,0,0,0,0
453367	0,0,0,0,0,0,0,0,0,0,0,0,0,0,0,0,0,0,0,0,0
456535	3,1,2,0,0,0,0,0,0,0,0,0,1,0,0,0,0,0,0,0,0
458713	10,1,1,0,0,0,2,0,2,1,5,0,0,0,0,0,0,0,0,0,0
471808	1,0,0,0,1,0,0,0,0,0,0,0,0,0,0,0,0,0,0,0,0
484552	4,1,1,0,0,0,0,0,0,0,0,0,0,2,3,0,0,0,0,0,0
488666	6,2,5,0,0,0,0,0,0,0,0,1,1,0,0,0,0,0,0,0,0
501822	1,0,0,0,0,0,0,0,0,0,0,0,1,0,0,0,0,0,0,0,0
502317	1,0,0,0,0,0,0,0,0,0,0,1,1,0,0,0,0,0,0,0,0
111213	283,19,68,2,7,5,19,4,21,8,23,20,54,26,66,5,23,0,1,0,1
117758	10,2,4,0,0,0,0,0,1,0,0,1,2,1,1,0,2,0,0,0,0
150472	188,21,54,0,2,3,13,4,12,8,22,10,36,14,29,5,13,0,0,2,7
285068	75,10,23,1,2,4,8,1,3,1,2,6,17,3,9,0,0,1,3,2,8
349193	1,0,0,0,0,0,0,0,0,0,0,1,1,0,0,0,0,0,0,0,0
408043	5,0,4,0,0,0,0,0,0,0,0,1,1,0,0,0,0,0,0,0,0
408241	64,1,1,0,0,5,11,5,10,1,6,0,8,9,19,3,6,0,0,1,3
425549	446,37,119,5,13,8,23,12,27,14,33,29,93,27,90,8,28,2,5,5,15
425747	3,0,0,0,0,0,0,0,0,0,1,1,1,0,0,0,1,0,0,0,0
429806	27,5,12,0,0,0,2,0,0,0,0,3,7,1,5,0,0,0,0,1,1
430598	340,19,71,5,8,21,61,16,40,6,9,23,72,12,31,8,18,4,11,4,19
430642	1,0,1,0,0,0,0,0,0,0,0,0,0,0,0,0,0,0,0,0,0
430895	374,29,76,3,8,10,32,9,37,2,10,33,94,25,73,16,29,0,0,5,15
434602	8,2,4,0,1,0,0,0,0,0,0,0,0,1,2,0,0,0,1,0,0
434701	7,1,2,0,0,0,0,2,3,0,0,0,2,0,0,0,0,0,0,0,0
452675	3,1,2,0,0,0,0,0,0,0,0,0,1,0,0,0,0,0,0,0,0
453269	1,1,1,0,0,0,0,0,0,0,0,0,0,0,0,0,0,0,0,0,0
455997	5,1,1,0,1,0,0,0,0,0,0,0,2,0,0,0,0,0,1,0,0
457922	2,0,0,0,0,0,0,0,0,0,0,0,0,1,2,0,0,0,0,0,0
459759	2,0,0,1,1,0,0,0,0,0,0,1,1,0,0,0,0,0,0,0,0
501922	0,0,0,0,0,0,0,0,0,0,0,0,0,0,0,0,0,0,0,0,0
520688	0,0,0,0,0,0,0,0,0,0,0,0,0,0,0,0,0,0,0,0,0
111214	33,1,12,0,1,0,1,2,3,0,0,2,4,2,9,0,2,0,1,0,0
113744	415,29,93,2,10,10,31,13,33,6,10,31,77,43,116,8,34,2,4,3,7
114789	676,67,155,5,10,26,60,21,52,11,22,53,119,57,150,31,73,5,9,4,26
114932	16,1,5,0,0,0,0,0,1,0,0,1,3,2,6,1,1,0,0,0,0
115229	662,39,120,2,6,10,48,24,79,18,38,41,160,33,96,11,46,1,5,23,64
116615	61,1,4,0,0,0,2,2,5,3,9,4,15,7,23,0,2,0,0,0,1
136767	96,7,18,0,1,4,13,5,21,1,3,6,18,1,8,1,1,1,2,2,11
150220	0,0,0,0,0,0,0,0,0,0,0,0,0,0,0,0,0,0,0,0,0
150275	296,26,72,1,4,7,21,5,20,6,20,25,64,17,55,9,28,1,4,3,8
282594	1,0,0,0,0,0,0,0,1,0,0,0,0,0,0,0,0,0,0,0,0
408242	218,23,71,2,3,6,18,3,13,8,16,8,33,14,43,9,20,0,1,0,0
429708	305,25,71,2,2,12,34,11,33,3,14,14,75,13,40,3,13,0,1,8,22
429780	0,0,0,0,0,0,0,0,0,0,0,0,0,0,0,0,0,0,0,0,0
430599	32,0,0,0,0,4,5,0,0,1,4,2,4,1,10,1,6,0,0,0,3
431138	37,8,16,0,0,0,0,0,0,0,2,5,13,0,2,0,2,0,2,0,0
433217	5,0,2,0,0,0,0,0,0,0,0,1,3,0,0,0,0,0,0,0,0
434658	292,20,75,2,6,7,20,7,24,6,19,22,68,17,52,3,11,2,4,3,13
444107	2,1,2,0,0,0,0,0,0,0,0,0,0,0,0,0,0,0,0,0,0
446538	1,0,0,0,0,0,0,0,0,0,0,1,1,0,0,0,0,0,0,0,0
448590	0,0,0,0,0,0,0,0,0,0,0,0,0,0,0,0,0,0,0,0,0
450597	0,0,0,0,0,0,0,0,0,0,0,0,0,0,0,0,0,0,0,0,0
450641	0,0,0,0,0,0,0,0,0,0,0,0,0,0,0,0,0,0,0,0,0
451532	80,1,12,0,0,2,9,1,8,1,7,5,7,5,28,0,8,0,0,0,1
451587	0,0,0,0,0,0,0,0,0,0,0,0,0,0,0,0,0,0,0,0,0
452225	29,5,13,0,2,1,3,0,0,0,0,3,7,0,1,0,0,0,1,1,2
456438	1,0,0,0,0,0,0,0,0,0,0,0,1,0,0,0,0,0,0,0,0
457428	1,0,0,0,0,0,0,0,0,0,0,0,0,0,1,0,0,0,0,0,0
457725	3,0,0,0,1,0,0,0,0,0,0,0,2,0,0,0,0,0,0,0,0
457824	1,0,0,0,0,0,0,0,0,0,0,1,1,0,0,0,0,0,0,0,0
458913	2,0,1,0,0,0,0,0,0,0,0,0,1,0,0,0,0,0,0,0,0
463610	55,5,14,1,1,1,3,0,1,2,3,5,16,3,7,0,0,0,2,3,8
488811	91,10,22,1,1,4,8,5,16,0,3,3,12,4,14,1,7,0,1,1,7
489081	0,0,0,0,0,0,0,0,0,0,0,0,0,0,0,0,0,0,0,0,0
498568	2,1,2,0,0,0,0,0,0,0,0,0,0,0,0,0,0,0,0,0,0
499107	1,0,1,0,0,0,0,0,0,0,0,0,0,0,0,0,0,0,0,0,0
502319	2,0,0,0,0,0,0,0,0,0,0,1,2,0,0,0,0,0,0,0,0
502517	163,18,35,2,6,5,17,0,2,1,5,16,42,19,46,2,7,1,3,0,0
123744	299,27,64,1,7,2,18,6,21,5,19,22,65,15,53,14,35,0,5,5,12
150221	2,0,0,0,0,0,0,0,0,0,0,0,1,0,1,0,0,0,0,0,0
408045	683,73,149,3,10,32,74,26,62,7,22,62,166,41,78,9,20,4,11,42,91
425848	33,1,2,0,0,1,5,1,2,0,3,3,13,1,6,0,2,0,0,0,0
429709	7,0,1,1,1,0,0,0,0,0,0,1,4,0,0,0,0,1,1,0,0
429781	34,1,5,0,0,0,2,1,5,1,4,0,3,3,12,3,3,0,0,0,0
430897	670,43,136,2,11,35,95,27,78,20,41,43,139,27,103,12,27,3,6,11,34
434604	66,13,23,2,3,5,15,2,2,4,5,5,13,0,1,2,2,0,0,1,2
434703	40,8,16,0,2,1,1,0,2,0,0,3,11,4,6,0,0,0,1,0,1
440148	4,0,0,0,0,0,0,0,0,0,0,0,0,1,3,0,0,1,1,0,0
451687	120,19,42,0,0,3,14,1,4,0,2,18,31,2,12,3,5,1,2,5,8
452028	1,0,0,0,0,0,0,0,0,0,0,0,0,0,1,0,0,0,0,0,0
461235	293,28,84,0,3,16,39,7,16,3,9,17,61,13,42,6,24,1,3,5,12
463017	8,0,1,0,0,0,0,0,0,0,0,1,2,0,5,0,0,0,0,0,0
466988	211,19,54,1,4,5,26,6,11,0,8,8,40,16,41,9,23,0,0,2,4
501979	1,0,1,0,0,0,0,0,0,0,0,0,0,0,0,0,0,0,0,0,0
502194	0,0,0,0,0,0,0,0,0,0,0,0,0,0,0,0,0,0,0,0,0
112107	3,1,2,0,0,0,0,0,0,0,0,0,0,1,1,0,0,0,0,0,0
150178	223,18,56,4,8,12,39,4,19,3,8,14,45,6,27,1,1,1,3,7,17
150277	52,1,5,0,0,2,8,1,6,1,6,3,6,4,11,0,6,0,0,0,4
279824	12,1,3,0,0,0,0,0,0,1,3,1,2,0,1,1,3,0,0,0,0
407155	225,13,50,0,2,10,19,8,33,2,17,19,56,5,17,0,0,0,2,7,29
408244	15,4,8,0,2,0,0,0,0,0,0,0,3,0,2,0,0,0,0,0,0
408299	348,35,90,5,10,14,51,10,20,4,18,17,62,22,50,14,32,1,4,4,11
434605	298,18,79,0,5,4,22,10,33,8,25,12,66,7,24,2,10,1,5,16,29
434704	186,19,67,3,6,3,14,2,6,7,14,16,38,4,23,4,9,1,3,3,6
444857	3,0,0,0,0,0,0,0,0,0,0,0,0,0,1,1,2,0,0,0,0
447827	1,0,0,0,0,0,0,0,0,0,0,0,0,0,0,0,0,0,0,1,1
448592	1,0,0,0,0,0,0,0,0,0,0,0,1,0,0,0,0,0,0,0,0
452029	1,1,1,0,0,0,0,0,0,0,0,0,0,0,0,0,0,0,0,0,0
452678	467,47,122,2,8,20,64,13,32,7,16,37,104,35,66,6,27,1,4,10,24
457727	67,8,20,1,2,4,8,0,4,0,0,5,17,5,9,3,7,0,0,0,0
457826	1,0,0,0,0,0,0,0,0,0,0,0,1,0,0,0,0,0,0,0,0
458690	30,0,1,0,0,0,4,2,2,0,2,2,8,0,7,1,6,0,0,0,0
460697	1,0,1,0,0,0,0,0,0,0,0,0,0,0,0,0,0,0,0,0,0
469085	10,2,7,0,0,0,1,0,0,0,0,0,1,0,0,0,1,0,0,0,0
501925	1,0,1,0,0,0,0,0,0,0,0,0,0,0,0,0,0,0,0,0,0
521428	0,0,0,0,0,0,0,0,0,0,0,0,0,0,0,0,0,0,0,0,0
110029	733,66,155,6,13,35,88,24,76,21,47,64,167,47,112,4,17,0,6,14,52
114935	442,44,120,1,8,16,51,9,30,8,20,38,86,25,76,13,35,1,5,5,11
118120	64,0,2,0,0,4,15,1,6,2,6,1,7,3,19,2,9,0,0,0,0
150322	22,2,5,0,2,1,2,0,3,1,1,2,6,1,3,0,0,0,0,0,0
150421	545,46,146,2,8,9,26,15,44,7,18,45,133,22,88,10,18,2,7,17,57
282597	55,7,18,0,4,0,2,1,5,1,4,4,16,0,3,0,0,0,0,2,3
346848	1,0,1,0,0,0,0,0,0,0,0,0,0,0,0,0,0,0,0,0,0
408047	780,63,174,5,12,32,66,28,80,9,31,74,183,35,86,13,31,8,13,37,104
408245	4,0,0,0,0,0,0,0,0,0,0,0,0,0,3,0,0,0,1,0,0
424706	20,2,8,0,1,1,1,0,0,0,0,3,7,2,2,1,1,0,0,0,0
424805	37,3,7,0,0,0,4,0,3,0,2,3,6,4,12,1,3,0,0,0,0
429981	1,0,0,0,0,0,0,0,0,0,0,0,0,0,1,0,0,0,0,0,0
430943	1,0,0,0,0,0,0,0,0,0,0,0,1,0,0,0,0,0,0,0,0
433715	3,1,1,0,0,0,0,0,0,0,0,0,0,2,2,0,0,0,0,0,0
434480	3,0,0,0,0,0,0,0,0,2,2,0,0,0,0,0,1,0,0,0,0
434705	54,5,20,0,1,1,1,0,0,1,2,7,16,4,11,1,1,1,2,0,0
434958	1,0,0,0,0,0,0,0,0,0,0,0,0,0,0,0,0,0,1,0,0
441932	1,0,0,0,0,0,0,0,0,0,0,0,1,0,0,0,0,0,0,0,0
446937	2,0,0,0,0,1,1,0,0,0,0,1,1,0,0,0,0,0,0,0,0
451788	5,0,1,0,0,0,2,0,0,0,0,1,2,0,0,0,0,0,0,0,0
453515	1,0,0,0,0,0,0,0,1,0,0,0,0,0,0,0,0,0,0,0,0
453911	24,9,15,0,1,0,0,0,2,0,0,3,6,0,0,0,0,0,0,0,0
457926	103,9,27,0,3,1,5,0,0,7,10,6,35,3,13,2,7,0,1,1,2
463019	2,0,0,0,0,0,0,0,0,0,0,0,0,0,1,0,0,1,1,0,0
464900	179,18,60,1,6,2,3,3,9,0,9,14,44,7,27,4,13,1,3,1,5
468915	10,1,5,0,0,0,0,0,0,0,0,2,4,1,1,0,0,0,0,0,0
501827	0,0,0,0,0,0,0,0,0,0,0,0,0,0,0,0,0,0,0,0,0
518531	2,0,0,0,0,0,0,0,0,0,0,0,1,0,1,0,0,0,0,0,0
518784	4,1,2,0,0,0,0,0,0,0,0,0,0,0,0,0,0,0,0,1,2
111867	297,31,83,1,6,5,25,6,29,7,21,27,70,11,33,0,3,4,8,4,19
114260	346,29,76,4,10,13,38,27,62,3,7,24,53,12,69,3,12,1,3,4,16
150224	117,12,29,2,3,3,14,2,13,4,9,10,24,2,12,1,6,0,1,1,6
235194	1,0,0,0,0,0,0,0,0,0,0,1,1,0,0,0,0,0,0,0,0
400073	122,14,40,1,4,1,4,3,4,4,10,11,25,6,14,1,4,2,6,4,11
425472	4,1,2,0,0,0,0,0,0,0,0,1,2,0,0,0,0,0,0,0,0
433590	2,0,0,0,0,0,0,0,2,0,0,0,0,0,0,0,0,0,0,0,0
448242	105,10,28,0,2,8,16,0,1,2,6,8,17,5,17,8,13,0,1,1,4
449881	2,0,1,0,0,0,0,0,0,0,0,0,1,0,0,0,0,0,0,0,0
452724	1,0,0,0,0,0,0,0,0,0,0,0,1,0,0,0,0,0,0,0,0
453192	39,2,4,1,2,1,8,0,6,0,2,1,4,1,7,1,6,0,0,0,0
453318	1,0,0,0,0,0,0,0,0,0,0,0,1,0,0,0,0,0,0,0,0
453967	7,2,4,0,0,0,0,0,1,0,0,0,1,0,1,0,0,0,0,0,0
458917	2,1,1,0,1,0,0,0,0,0,0,0,0,0,0,0,0,0,0,0,0
460699	16,3,7,0,1,0,0,0,0,0,0,2,4,1,3,0,0,0,1,0,0
461788	24,6,15,0,1,0,1,0,0,0,0,1,4,0,0,1,3,0,0,0,0
467827	11,5,7,0,0,0,0,0,0,0,0,0,1,1,1,0,1,0,0,1,1
502296	1,0,1,0,0,0,0,0,0,0,0,0,0,0,0,0,0,0,0,0,0
518686	1,0,0,1,1,0,0,0,0,0,0,0,0,0,0,0,0,0,0,0,0
114739	606,44,113,8,15,30,84,30,63,8,16,56,147,37,111,10,14,2,8,14,35
150324	537,46,118,3,12,24,61,17,52,8,42,34,93,39,87,19,56,4,7,6,9
279827	221,17,45,1,5,9,31,0,12,5,17,15,45,11,33,8,26,0,1,3,6
334393	490,42,131,3,8,16,47,13,36,10,35,28,83,32,90,16,42,1,6,2,12
334492	57,2,10,0,0,1,14,0,4,2,4,1,11,2,8,2,2,0,0,1,4
430945	561,44,144,5,15,7,29,11,34,5,21,35,124,39,105,7,21,2,9,24,59
431160	21,3,8,0,0,1,3,0,0,0,0,2,5,0,3,0,0,2,2,0,0
433591	40,7,18,0,0,2,3,1,1,1,5,1,5,2,4,0,4,0,0,0,0
444382	2,0,0,0,0,0,0,0,2,0,0,0,0,0,0,0,0,0,0,0,0
446263	1,0,0,0,0,0,0,0,0,0,0,0,0,0,1,0,0,0,0,0,0
446560	1,0,1,0,0,0,0,0,0,0,0,0,0,0,0,0,0,0,0,0,0
448298	1,0,0,0,0,0,0,0,0,0,0,0,0,1,1,0,0,0,0,0,0
451537	2,0,2,0,0,0,0,0,0,0,0,0,0,0,0,0,0,0,0,0,0
455371	2,0,2,0,0,0,0,0,0,0,0,0,0,0,0,0,0,0,0,0,0
463967	1,0,0,0,0,0,0,0,1,0,0,0,0,0,0,0,0,0,0,0,0
464281	1,1,1,0,0,0,0,0,0,0,0,0,0,0,0,0,0,0,0,0,0
502143	1,1,1,0,0,0,0,0,0,0,0,0,0,0,0,0,0,0,0,0,0
519127	1,0,1,0,0,0,0,0,0,0,0,0,0,0,0,0,0,0,0,0,0
112903	124,13,47,2,5,4,10,3,5,2,7,12,31,8,13,2,3,0,1,1,2
134260	610,53,135,7,16,9,36,13,52,10,35,40,124,54,131,19,56,1,5,7,20
150325	11,2,8,0,0,0,0,0,0,0,0,1,2,0,1,0,0,0,0,0,0
150479	590,59,144,1,10,19,59,19,52,12,43,35,117,41,116,15,33,1,4,6,12
428642	118,13,37,0,2,3,6,0,9,2,4,11,29,3,14,0,0,1,2,5,15
429731	291,26,82,3,8,1,13,9,18,6,18,19,76,14,43,8,24,1,6,1,3
430649	145,9,28,1,2,0,8,0,4,0,8,14,38,16,48,0,4,1,1,0,4
430946	751,67,172,5,15,36,107,22,96,17,49,45,145,29,86,13,22,5,14,16,45
431161	7,0,5,0,0,0,0,0,0,0,0,0,2,0,0,0,0,0,0,0,0
434582	223,18,57,5,7,7,17,7,20,1,4,11,43,17,39,8,24,1,4,3,8
434681	109,18,46,3,5,3,7,3,11,0,3,4,17,3,14,3,5,0,1,0,0
435220	471,37,93,1,7,13,37,26,71,6,11,31,88,24,79,10,27,1,7,21,51
445175	1,0,0,0,1,0,0,0,0,0,0,0,0,0,0,0,0,0,0,0,0
456065	2,1,1,0,0,0,0,0,0,0,0,0,0,0,0,0,1,0,0,0,0
459431	3,0,0,0,0,0,0,0,0,0,1,2,2,0,0,0,0,0,0,0,0
461834	78,8,24,0,0,8,19,2,6,1,1,5,18,0,2,1,4,0,1,0,3
469232	1,0,0,0,0,0,0,0,0,0,0,0,0,0,0,0,1,0,0,0,0
488817	2,2,2,0,0,0,0,0,0,0,0,0,0,0,0,0,0,0,0,0,0
501929	4,0,2,0,0,0,0,0,0,0,0,0,2,0,0,0,0,0,0,0,0
519128	0,0,0,0,0,0,0,0,0,0,0,0,0,0,0,0,0,0,0,0,0
116595	8,0,2,0,0,0,3,0,0,0,0,0,1,0,1,0,0,0,0,1,1
118377	47,2,8,0,0,0,2,2,5,3,7,3,9,3,16,0,0,0,0,0,0
121616	21,2,8,0,0,0,0,0,0,1,1,7,10,0,1,0,0,1,1,0,0
123173	734,61,151,4,16,28,95,16,66,19,53,46,147,42,120,20,69,3,8,3,9
123272	677,50,148,4,13,40,94,32,77,15,38,52,143,26,85,11,29,2,6,18,44
150029	669,41,126,6,13,79,115,11,29,11,34,44,133,58,126,14,39,3,32,11,22
400021	36,9,18,2,3,0,1,0,0,0,0,2,8,0,3,2,2,0,1,0,0
400076	1,0,0,0,0,0,0,0,0,0,0,0,0,0,0,0,1,0,0,0,0
400120	338,26,81,2,13,7,41,13,24,5,10,23,70,24,66,5,23,2,7,3,3
407556	283,23,84,2,5,6,24,8,21,6,25,19,50,20,45,3,10,0,4,6,15
407853	5,0,0,0,0,0,0,0,0,1,4,0,0,1,1,0,0,0,0,0,0
421064	490,41,112,0,6,19,62,13,32,12,35,34,110,31,80,17,45,1,3,2,5
425772	371,26,79,3,6,8,20,10,37,5,14,28,86,27,76,4,14,0,5,8,34
430947	451,28,103,4,13,11,31,15,41,7,22,36,97,20,57,6,29,1,5,20,53
431162	1,0,0,0,0,0,0,0,0,0,0,0,0,1,1,0,0,0,0,0,0
433593	1,0,0,0,0,0,0,0,0,0,0,1,1,0,0,0,0,0,0,0,0
434682	134,14,33,2,4,5,12,2,10,1,3,9,28,4,19,4,9,0,1,3,15
435078	124,8,27,1,4,5,14,7,19,0,0,13,33,8,16,0,6,0,1,0,4
444384	3,2,2,0,0,0,0,0,0,0,0,0,0,0,1,0,0,0,0,0,0
448245	1,0,1,0,0,0,0,0,0,0,0,0,0,0,0,0,0,0,0,0,0
452150	12,2,6,0,0,0,0,0,0,0,2,0,1,0,0,0,0,2,3,0,0
463040	2,0,0,0,0,0,0,0,0,0,0,0,2,0,0,0,0,0,0,0,0
467055	155,12,39,2,3,1,1,7,12,2,8,15,36,13,38,5,12,0,0,2,6
477054	0,0,0,0,0,0,0,0,0,0,0,0,0,0,0,0,0,0,0,0,0
488917	1,0,0,0,1,0,0,0,0,0,0,0,0,0,0,0,0,0,0,0,0
489231	2,0,1,0,0,0,0,0,0,0,0,1,1,0,0,0,0,0,0,0,0
490941	1,0,1,0,0,0,0,0,0,0,0,0,0,0,0,0,0,0,0,0,0
493416	1,0,0,0,0,0,0,0,0,0,0,0,1,0,0,0,0,0,0,0,0
111492	1,0,0,0,0,0,0,0,0,0,0,1,1,0,0,0,0,0,0,0,0
400121	347,27,77,2,10,10,36,9,20,2,10,30,92,20,44,10,26,1,3,13,29
425773	622,31,139,6,19,26,77,16,41,3,14,48,136,42,102,16,53,1,2,17,39
430948	285,27,63,5,8,0,3,16,38,3,16,24,72,15,40,8,22,3,4,7,19
432928	570,49,152,7,15,14,42,20,45,5,9,37,125,40,87,7,27,2,9,14,59
435079	646,55,124,11,20,33,86,35,61,9,31,53,137,40,104,8,33,2,6,14,44
435178	34,2,6,0,0,1,5,1,4,0,2,2,8,0,3,2,6,0,0,0,0
435222	73,4,16,0,2,2,7,4,10,4,10,6,16,3,7,1,4,0,1,0,0
445276	1,0,0,0,0,0,0,0,0,0,0,0,1,0,0,0,0,0,0,0,0
446013	2,1,1,0,0,0,0,0,0,0,0,0,1,0,0,0,0,0,0,0,0
448147	4,0,0,0,0,0,0,0,1,0,0,0,0,1,3,0,0,0,0,0,0
449786	1,0,0,0,0,0,0,0,0,0,0,0,1,0,0,0,0,0,0,0,0
451639	5,0,1,0,1,0,0,0,1,0,0,2,2,0,0,0,0,0,0,0,0
452052	0,0,0,0,0,0,0,0,0,0,0,0,0,0,0,0,0,0,0,0,0
455077	2,0,2,0,0,0,0,0,0,0,0,0,0,0,0,0,0,0,0,0,0
457453	75,1,9,0,0,2,9,1,6,0,4,4,8,7,29,4,10,0,0,0,0
459334	49,5,15,1,2,1,1,1,1,1,2,7,20,1,5,0,0,0,0,0,3
472528	55,8,13,0,1,4,18,0,5,0,0,4,11,0,4,0,0,1,1,0,2
488819	5,1,4,1,1,0,0,0,0,0,0,0,0,0,0,0,0,0,0,0,0
112087	242,27,68,0,2,9,24,11,33,1,7,21,52,10,30,5,12,0,2,8,12
112131	308,28,53,3,13,13,38,10,43,3,6,28,80,17,45,4,11,0,3,3,16
119215	50,0,6,0,0,0,10,2,7,0,3,2,8,3,7,0,9,0,0,0,0
150229	631,36,131,3,7,29,95,27,68,11,33,44,129,27,82,11,39,3,8,16,39
346871	82,8,18,1,1,0,4,0,6,2,6,7,11,10,27,4,7,0,0,1,2
400023	668,62,158,5,15,14,47,13,48,13,42,50,140,48,141,18,49,2,4,8,24
407855	3,0,1,0,0,0,0,0,0,0,0,0,1,1,1,0,0,0,0,0,0
425477	213,21,53,3,7,2,13,5,17,3,6,18,59,11,27,5,8,1,2,7,21
425774	36,2,11,0,1,1,3,0,2,1,1,2,11,3,7,0,0,0,0,0,0
435179	74,2,11,1,2,0,2,3,6,1,1,3,16,6,21,2,8,0,1,1,6
435520	361,22,83,4,8,13,40,10,41,7,18,26,65,16,72,10,22,1,5,3,7
444430	7,1,3,0,0,0,0,0,0,0,0,1,3,1,1,0,0,0,0,0,0
445222	9,1,1,0,0,1,3,0,0,0,2,0,2,0,1,0,0,0,0,0,0
450172	73,1,8,0,0,1,4,1,7,1,13,6,19,3,13,1,9,0,0,0,0
456563	3,0,1,0,0,0,0,0,0,0,0,0,1,0,0,0,0,0,1,0,0
456761	24,3,12,1,1,0,0,0,0,0,0,2,8,1,2,0,0,0,0,1,1
457454	256,21,59,7,10,9,31,4,14,1,11,27,61,10,34,1,11,1,2,7,23
457850	198,22,53,1,4,4,18,7,17,3,6,7,39,9,41,4,15,1,2,0,3
458895	1,1,1,0,0,0,0,0,0,0,0,0,0,0,0,0,0,0,0,0,0
488694	1,0,0,0,0,0,0,0,0,0,0,0,1,0,0,0,0,0,0,0,0
488919	2,1,1,0,0,0,0,0,0,0,0,0,1,0,0,0,0,0,0,0,0
119469	72,3,5,0,0,2,10,1,4,0,1,8,21,6,17,3,10,1,1,0,3
119865	37,3,20,0,3,0,2,0,1,1,2,1,4,1,3,0,2,0,0,0,0
133120	36,4,19,0,0,0,1,0,0,0,0,4,11,1,2,1,3,0,0,0,0
407801	376,18,65,2,9,7,22,4,19,13,45,34,90,25,71,5,22,2,5,5,28
430571	6,3,6,0,0,0,0,0,0,0,0,0,0,0,0,0,0,0,0,0,0
434630	6,1,2,0,0,0,0,0,0,0,0,2,3,0,0,0,0,0,1,0,0
444882	16,1,5,0,0,0,1,1,1,0,1,1,4,0,1,0,1,1,2,0,0
448248	2,0,0,0,1,0,0,0,0,0,0,0,0,0,0,0,0,0,0,0,1
448842	2,0,0,0,0,0,1,0,0,0,0,0,1,0,0,0,0,0,0,0,0
452252	360,30,93,1,2,19,39,12,28,7,18,21,63,14,60,2,5,2,5,12,47
453198	1,0,0,0,0,0,0,0,0,0,0,0,1,0,0,0,0,0,0,0,0
453341	1,0,0,0,0,0,0,0,0,0,0,1,1,0,0,0,0,0,0,0,0
455079	2,0,1,0,0,0,0,0,0,0,0,1,1,0,0,0,0,0,0,0,0
456762	29,4,14,0,1,0,0,0,1,0,0,2,5,0,5,0,0,0,0,0,3
458643	7,1,3,0,1,0,0,0,0,0,0,1,2,1,1,0,0,0,0,0,0
460271	1,1,1,0,0,0,0,0,0,0,0,0,0,0,0,0,0,0,0,0,0
461360	0,0,0,0,0,0,0,0,0,0,0,0,0,0,0,0,0,0,0,0,0
467003	2,0,1,1,1,0,0,0,0,0,0,0,0,0,0,0,0,0,0,0,0
489135	1,0,1,0,0,0,0,0,0,0,0,0,0,0,0,0,0,0,0,0,0
502698	0,0,0,0,0,0,0,0,0,0,0,0,0,0,0,0,0,0,0,0,0
119811	89,8,31,0,0,0,5,3,10,0,0,6,20,4,6,2,6,0,1,3,10
407901	1,0,0,1,1,0,0,0,0,0,0,0,0,0,0,0,0,0,0,0,0
430671	6,3,5,0,0,0,0,0,0,0,0,0,1,0,0,0,0,0,0,0,0
431166	1,0,1,0,0,0,0,0,0,0,0,0,0,0,0,0,0,0,0,0,0
433597	689,37,138,5,7,11,44,25,74,12,35,54,160,33,100,17,51,3,5,23,75
435522	16,4,9,0,0,0,1,1,3,0,0,0,1,0,2,0,0,0,0,0,0
444135	736,65,171,8,18,33,80,17,42,19,54,60,155,59,135,16,47,2,11,8,23
444432	5,0,2,0,2,0,0,0,0,0,0,0,1,0,0,0,0,0,0,0,0
448843	2,0,1,0,0,0,0,0,0,0,0,0,1,0,0,0,0,0,0,0,0
453298	3,0,1,0,0,0,0,0,0,0,0,1,1,1,1,0,0,0,0,0,0
457456	35,0,1,1,2,0,0,0,5,0,1,2,7,3,9,2,6,0,0,0,4
477003	7,0,1,0,0,0,0,0,1,0,0,1,1,0,3,0,1,0,0,0,0
488740	13,1,5,0,0,0,0,0,0,0,0,1,4,0,4,0,0,0,0,0,0
488795	3,0,1,0,0,0,0,0,0,0,0,1,1,0,0,0,0,0,1,0,0
489037	1,0,0,0,0,0,0,0,0,0,0,0,0,0,0,0,0,0,0,0,1
518836	4,1,3,0,0,0,0,0,0,0,0,0,0,0,0,0,0,0,0,0,1
132880	160,17,58,1,4,6,15,2,4,0,2,19,45,5,19,2,5,3,8,0,0
346874	416,39,100,0,7,12,38,14,44,5,15,30,92,18,70,4,19,2,4,10,27
420673	27,0,13,0,0,0,0,0,1,0,0,2,8,3,3,1,2,0,0,0,0
425821	19,7,11,1,1,0,0,1,1,0,0,1,4,1,1,0,0,1,1,0,0
430573	11,4,6,0,0,0,0,1,2,0,1,1,2,0,0,0,0,0,0,0,0
433697	18,2,8,0,0,0,0,0,0,1,1,0,7,2,2,0,0,0,0,0,0
434137	2,0,1,0,0,0,0,0,0,0,0,0,1,0,0,0,0,0,0,0,0
435622	5,1,5,0,0,0,0,0,0,0,0,0,0,0,0,0,0,0,0,0,0
444983	4,3,3,0,0,0,0,0,0,0,0,0,0,0,0,0,0,0,1,0,0
450175	1,0,0,0,0,0,0,1,1,0,0,0,0,0,0,0,0,0,0,0,0
452254	723,58,151,2,12,26,91,18,66,19,50,47,151,35,113,31,73,2,6,3,10
453541	1,0,0,0,1,0,0,0,0,0,0,0,0,0,0,0,0,0,0,0,0
456665	140,18,47,0,2,2,12,0,2,2,8,16,40,4,20,2,7,0,2,0,0
459932	1,0,0,0,0,0,0,0,1,0,0,0,0,0,0,0,0,0,0,0,0
460075	735,49,134,5,20,16,76,20,50,30,83,50,151,59,151,17,49,3,8,5,13
473242	2,0,2,0,0,0,0,0,0,0,0,0,0,0,0,0,0,0,0,0,0
474188	1,0,1,0,0,0,0,0,0,0,0,0,0,0,0,0,0,0,0,0,0
477554	3,0,1,0,0,0,0,0,0,0,0,0,0,1,2,0,0,0,0,0,0
502249	6,1,4,0,0,0,0,0,0,0,0,1,2,0,0,0,0,0,0,0,0
502348	0,0,0,0,0,0,0,0,0,0,0,0,0,0,0,0,0,0,0,0,0
518837	4,1,1,0,0,0,0,0,0,0,0,1,3,0,0,0,0,0,0,0,0
133321	219,28,66,1,4,9,30,5,21,3,8,16,33,17,37,3,8,0,4,4,8
425426	5,0,0,0,0,0,0,0,0,0,0,0,0,0,5,0,0,0,0,0,0
425877	535,50,130,4,12,21,63,9,25,17,41,42,123,29,90,11,29,3,7,4,15
429260	1,0,0,0,0,0,0,0,0,0,0,1,1,0,0,0,0,0,0,0,0
430321	679,52,159,2,5,19,54,26,70,10,27,53,162,27,75,9,29,5,11,33,87
430574	144,18,56,0,1,4,7,5,12,1,3,10,35,0,6,3,9,0,0,3,15
430673	1,0,1,0,0,0,0,0,0,0,0,0,0,0,0,0,0,0,0,0,0
434633	253,30,75,1,4,5,17,13,20,3,8,24,52,14,38,11,37,1,2,0,0
435623	30,6,13,0,0,2,6,0,1,0,0,2,5,0,3,0,0,0,0,0,2
450275	1,0,1,0,0,0,0,0,0,0,0,0,0,0,0,0,0,0,0,0,0
453245	1,0,0,0,0,0,0,0,0,0,0,1,1,0,0,0,0,0,0,0,0
453344	1,0,0,0,0,0,0,0,0,0,0,0,0,0,0,0,0,0,1,0,0
455126	3,0,3,0,0,0,0,0,0,0,0,0,0,0,0,0,0,0,0,0,0
457458	2,0,0,0,0,1,2,0,0,0,0,0,0,0,0,0,0,0,0,0,0
474233	1,0,1,0,0,0,0,0,0,0,0,0,0,0,0,0,0,0,0,0,0
489435	1,0,0,0,0,0,0,0,0,0,0,0,1,0,0,0,0,0,0,0,0
122784	251,18,52,0,2,8,36,13,33,3,11,21,54,13,35,2,9,0,0,8,19
150251	13,3,7,0,0,0,0,0,0,0,0,1,4,0,1,0,0,0,0,0,1
407805	0,0,0,0,0,0,0,0,0,0,0,0,0,0,0,0,0,0,0,0,0
425526	3,0,1,0,0,0,0,0,1,0,0,0,1,0,0,0,0,0,0,0,0
434634	17,0,4,1,3,0,0,0,0,0,0,0,4,1,3,0,3,0,0,0,0
435624	358,29,78,6,14,7,28,8,25,6,13,26,74,16,85,11,34,1,3,1,4
448170	117,13,34,0,2,0,3,2,11,6,7,5,20,7,26,5,14,0,0,0,0
450276	8,1,4,0,0,0,0,0,0,0,0,1,2,0,2,0,0,0,0,0,0
453895	246,26,79,5,8,11,34,7,15,5,19,13,53,4,19,0,3,2,3,5,13
454533	10,1,5,0,0,0,0,0,0,0,0,1,3,0,1,0,0,0,0,0,1
457756	2,1,2,0,0,0,0,0,0,0,0,0,0,0,0,0,0,0,0,0,0
457800	2,0,1,1,1,0,0,0,0,0,0,0,0,0,0,0,0,0,0,0,0
460077	15,2,6,0,1,0,0,0,0,1,1,0,1,1,2,1,2,0,2,0,0
462101	13,1,8,1,2,1,1,0,0,0,0,1,2,0,0,0,0,0,0,0,0
464433	2,0,0,0,0,0,0,0,0,0,0,0,1,0,0,0,0,1,1,0,0
113028	670,49,129,5,11,30,95,22,61,11,37,54,144,49,113,6,18,4,7,23,55
116999	497,48,126,2,9,18,60,13,34,17,44,24,82,26,95,5,23,2,6,8,18
150153	15,1,2,0,0,0,2,0,0,0,1,1,2,1,6,1,2,0,0,0,0
150252	5,1,4,0,0,0,0,0,0,0,0,0,0,0,0,0,0,1,1,0,0
240694	18,0,18,0,0,0,0,0,0,0,0,0,0,0,0,0,0,0,0,0,0
425824	11,2,5,0,0,0,0,0,0,0,0,1,3,0,2,0,0,1,1,0,0
433898	554,40,106,3,8,27,62,7,25,22,58,35,117,31,101,17,54,2,5,7,18
434338	136,19,47,0,6,1,8,5,9,2,9,12,30,7,16,3,10,0,1,0,0
435625	110,14,36,2,3,1,3,0,2,2,7,8,20,3,12,7,18,0,0,2,9
448270	0,0,0,0,0,0,0,0,0,0,0,0,0,0,0,0,0,0,0,0,0
452202	26,2,11,0,0,0,0,0,0,0,1,2,10,0,0,1,1,0,3,0,0
452301	5,0,2,0,1,0,0,0,0,0,0,0,2,0,0,0,0,0,0,0,0
496169	1,0,0,0,0,0,0,0,0,0,0,0,0,0,0,0,0,0,1,0,0
501955	5,0,0,0,0,0,0,0,0,2,2,0,3,0,0,0,0,0,0,0,0
124315	2,0,0,0,0,0,0,0,0,0,0,1,2,0,0,0,0,0,0,0,0
133225	86,2,9,0,0,4,11,1,2,5,9,8,18,8,26,2,6,0,1,2,4
283166	1,0,0,0,0,0,0,0,0,0,0,0,1,0,0,0,0,0,0,0,0
407483	461,41,114,3,7,15,56,18,44,9,15,31,86,38,97,9,37,0,2,1,3
425429	120,13,42,1,1,4,11,0,0,4,8,6,27,8,20,1,8,0,1,0,2
425528	22,0,2,0,0,0,2,0,1,0,0,4,5,3,10,1,2,0,0,0,0
425825	1,0,0,0,0,0,0,0,0,0,0,0,1,0,0,0,0,0,0,0,0
430621	3,0,2,0,0,0,0,0,0,0,0,0,0,0,0,0,0,1,1,0,0
434438	2,0,0,0,0,0,0,0,0,0,0,0,1,0,0,0,0,0,0,0,1
434636	169,23,49,3,5,5,17,5,14,3,6,13,39,10,27,1,3,1,5,1,4
435626	7,0,4,0,1,0,0,0,0,0,1,0,1,0,0,0,0,0,0,0,0
436913	2,0,1,0,0,0,0,0,0,0,0,0,0,1,1,0,0,0,0,0,0
446192	3,1,2,0,0,0,0,0,0,0,0,1,1,0,0,0,0,0,0,0,0
446868	43,3,12,1,2,1,4,0,3,3,5,2,6,0,6,0,0,0,1,3,4
449162	3,0,0,0,0,0,1,0,0,0,0,0,0,0,1,0,1,0,0,0,0
451664	10,4,7,0,0,0,0,0,0,0,0,0,2,0,0,0,0,1,1,0,0
452104	402,36,88,4,7,10,32,5,29,10,22,25,80,28,82,13,35,0,4,8,23
453941	16,1,4,0,0,0,0,0,1,0,0,1,6,0,4,0,0,0,0,0,1
454535	3,1,2,0,0,0,0,0,0,0,1,0,0,0,0,0,0,0,0,0,0
455679	4,0,2,0,0,0,0,0,0,1,2,0,0,0,0,0,0,0,0,0,0
455921	12,1,2,0,2,0,1,0,0,0,0,1,3,1,2,0,2,0,0,0,0
455976	744,70,174,9,20,20,47,22,63,9,25,63,168,56,119,11,30,5,12,39,86
460024	4,1,2,0,0,0,0,0,0,0,0,0,2,0,0,0,0,0,0,0,0
461212	7,0,0,0,0,0,0,0,0,0,0,0,1,2,4,1,2,0,0,0,0
462950	46,6,16,0,2,1,3,1,4,0,0,3,10,2,8,0,1,0,2,0,0
113679	728,64,149,6,9,36,103,25,75,13,50,49,142,26,103,13,36,4,11,15,50
133226	165,10,45,1,1,1,5,6,21,3,11,20,41,2,13,2,6,1,1,9,21
150100	821,89,164,8,22,59,144,17,46,13,32,50,151,70,169,16,58,3,12,9,23
150353	177,11,40,3,7,4,15,10,21,0,4,13,34,16,40,4,13,1,1,0,2
276336	35,3,8,0,0,0,2,0,2,1,2,3,8,1,6,0,7,0,0,0,0
276534	10,2,3,0,1,0,2,0,0,0,0,1,4,0,0,0,0,0,0,0,0
407781	522,49,120,9,23,23,65,16,49,7,27,46,106,26,75,10,24,1,3,10,30
407880	20,1,8,0,0,0,0,0,0,0,0,1,6,1,3,1,1,1,2,0,0
425628	1,0,0,0,0,0,1,0,0,0,0,0,0,0,0,0,0,0,0,0,0
430622	52,5,16,2,2,0,5,0,1,0,0,3,19,2,6,0,0,0,0,0,3
452105	4,1,4,0,0,0,0,0,0,0,0,0,0,0,0,0,0,0,0,0,0
452655	452,37,93,4,9,16,43,11,26,10,17,51,121,18,55,7,20,2,6,26,62
456714	545,33,107,0,4,14,44,20,62,6,32,46,135,34,73,8,30,3,7,19,51
457759	2,0,1,0,0,0,0,0,0,0,0,0,1,0,0,0,0,0,0,0,0
457803	480,34,114,4,9,14,42,9,19,10,34,32,107,33,98,11,45,1,1,4,11
469837	1,0,1,0,0,0,0,0,0,0,0,0,0,0,0,0,0,0,0,0,0
494686	36,3,12,0,1,0,0,1,2,2,2,3,8,5,8,0,1,2,2,0,0
121347	645,52,121,4,13,41,83,23,55,18,43,59,156,40,112,6,15,3,9,13,38
123723	389,31,87,4,13,16,57,13,39,14,33,18,87,10,48,2,6,1,5,5,14
425629	1,0,0,0,0,0,0,0,0,0,0,0,0,0,0,0,1,0,0,0,0
425827	2,0,0,0,0,0,0,0,0,0,0,0,0,1,2,0,0,0,0,0,0
437031	4,0,1,0,0,0,0,0,0,0,0,0,0,1,3,0,0,0,0,0,0
444835	2,0,1,0,0,0,0,0,0,0,0,0,1,0,0,0,0,0,0,0,0
453646	26,1,3,0,0,1,2,0,4,1,1,0,0,6,16,0,0,0,0,0,0
453899	0,0,0,0,0,0,0,0,0,0,0,0,0,0,0,0,0,0,0,0,0
454537	1,0,1,0,0,0,0,0,0,0,0,0,0,0,0,0,0,0,0,0,0
455725	123,10,46,0,3,5,10,0,0,1,3,11,27,12,26,3,4,0,0,2,4
456715	3,0,0,0,0,0,0,0,0,0,0,2,3,0,0,0,0,0,0,0,0
457705	18,2,9,0,0,0,1,0,4,0,0,2,2,0,2,0,0,0,0,0,0
457859	87,12,35,2,4,3,7,0,0,2,4,7,21,3,14,0,0,0,0,1,2
460026	229,10,51,0,4,2,13,3,19,2,5,19,57,19,50,5,15,1,1,8,14
460576	670,48,139,2,6,15,60,23,64,9,27,37,152,22,86,10,31,4,10,36,95
473248	5,1,2,1,1,0,0,0,0,0,0,0,2,0,0,0,0,0,0,0,0
501804	1,0,1,0,0,0,0,0,0,0,0,0,0,0,0,0,0,0,0,0,0
518563	4,0,0,0,1,0,0,0,0,0,0,1,3,0,0,0,0,0,0,0,0
122987	69,4,8,0,1,2,7,2,6,4,11,3,8,5,16,1,7,0,0,1,5
132788	649,57,166,3,15,13,38,21,55,7,21,53,146,33,101,8,27,3,8,26,72
407783	0,0,0,0,0,0,0,0,0,0,0,0,0,0,0,0,0,0,0,0,0
429662	63,2,23,0,2,0,0,0,0,0,0,6,20,5,12,0,2,0,0,2,4
444836	4,0,0,0,0,0,0,1,2,0,0,0,0,0,2,0,0,0,0,0,0
452080	40,7,17,0,3,1,1,1,5,0,0,3,8,2,3,0,0,1,1,2,2
452305	9,3,9,0,0,0,0,0,0,0,0,0,0,0,0,0,0,0,0,0,0
452657	5,0,0,0,0,0,0,0,2,0,0,0,1,0,2,0,0,0,0,0,0
457508	31,3,14,1,2,1,3,0,2,0,1,1,5,1,2,0,0,1,1,0,1
457706	6,0,4,0,0,0,1,0,0,0,0,0,1,0,0,0,0,0,0,0,0
459939	8,0,0,0,0,0,0,0,0,0,0,0,2,0,2,0,4,0,0,0,0
460225	1,0,1,0,0,0,0,0,0,0,0,0,0,0,0,0,0,0,0,0,0
461314	752,66,193,7,22,26,67,21,56,22,52,41,150,51,138,11,39,2,10,14,25
468470	1,0,1,0,0,0,0,0,0,0,0,0,0,0,0,0,0,0,0,0,0
471863	1,0,1,0,0,0,0,0,0,0,0,0,0,0,0,0,0,0,0,0,0
111548	480,35,111,2,6,10,34,20,65,8,22,31,85,16,74,4,14,3,10,21,59
112736	359,31,86,7,9,15,35,7,21,10,20,25,84,24,68,13,29,2,5,1,2
123725	1,0,1,0,0,0,0,0,0,0,0,0,0,0,0,0,0,0,0,0,0
150202	31,10,22,0,0,0,0,0,0,1,1,1,4,0,0,1,4,0,0,0,0
218595	17,0,8,0,0,0,1,0,0,1,2,3,4,0,2,0,0,0,0,0,0
228594	1,0,1,0,0,0,0,0,0,0,0,0,0,0,0,0,0,0,0,0,0
276537	32,5,18,0,0,0,0,0,1,0,0,5,10,0,0,0,2,0,1,0,0
407487	336,27,69,3,9,2,9,11,40,7,14,30,96,18,53,2,9,0,3,9,34
428420	2,0,2,0,0,0,0,0,0,0,0,0,0,0,0,0,0,0,0,0,0
429663	253,28,79,0,2,6,21,5,11,5,20,20,57,11,32,5,13,1,3,6,15
446394	3,2,2,0,0,0,0,0,0,0,0,0,1,0,0,0,0,0,0,0,0
450678	1,0,1,0,0,0,0,0,0,0,0,0,0,0,0,0,0,0,0,0,0
451668	0,0,0,0,0,0,0,0,0,0,0,0,0,0,0,0,0,0,0,0,0
451767	1,0,1,0,0,0,0,0,0,0,0,0,0,0,0,0,0,0,0,0,0
452658	1,0,1,0,0,0,0,0,0,0,0,0,0,0,0,0,0,0,0,0,0
457130	21,2,11,0,1,0,1,0,0,0,1,1,4,2,3,0,0,0,0,0,0
460677	1,1,1,0,0,0,0,0,0,0,0,0,0,0,0,0,0,0,0,0,0
461315	9,2,5,0,0,0,0,0,0,0,0,0,3,0,0,0,0,0,1,0,0
461865	3,1,1,0,0,0,0,0,0,0,0,0,1,0,1,0,0,0,0,0,0
462855	36,2,11,0,1,1,6,0,0,0,0,1,6,0,4,2,4,1,2,0,2
488947	2,0,0,0,0,0,0,0,0,0,0,0,1,0,1,0,0,0,0,0,0
115608	115,10,37,1,2,2,6,3,11,4,5,14,29,2,11,2,6,0,1,2,7
150302	70,9,22,1,1,0,8,3,6,2,6,2,11,5,14,0,2,0,0,0,0
150456	410,32,98,2,9,21,70,11,29,2,9,31,86,20,59,10,30,2,5,7,15
217100	224,25,63,2,14,4,13,10,27,7,17,16,38,15,36,2,4,1,5,4,7
218596	55,0,7,0,1,5,12,0,4,1,4,4,9,3,11,2,7,0,0,0,0
407785	10,1,6,0,0,0,0,0,0,2,2,2,2,0,0,0,0,0,0,0,0
429664	683,45,136,4,14,28,84,18,66,14,42,49,166,42,110,7,14,3,9,14,42
431094	276,16,46,2,4,11,40,14,45,8,12,31,67,11,33,2,6,1,2,6,21
434938	4,1,3,0,0,0,0,0,0,0,0,0,0,1,1,0,0,0,0,0,0
445152	5,2,3,0,1,0,0,0,0,0,0,0,0,0,0,0,0,0,1,0,0
446395	6,0,0,0,0,1,1,0,0,0,3,2,2,0,0,0,0,0,0,0,0
448276	49,3,20,0,0,0,0,1,1,0,3,4,12,2,7,1,6,0,0,0,0
451515	1,0,1,0,0,0,0,0,0,0,0,0,0,0,0,0,0,0,0,0,0
451713	0,0,0,0,0,0,0,0,0,0,0,0,0,0,0,0,0,0,0,0,0
457384	3,0,1,0,0,0,1,0,0,0,0,0,0,0,1,0,0,0,0,0,0
457708	471,55,116,2,12,12,40,13,30,9,30,34,92,32,103,12,33,2,3,6,12
460579	231,24,64,1,2,8,22,3,16,5,14,21,50,11,34,6,18,0,5,2,6
461811	186,13,49,3,6,5,18,2,6,0,0,16,54,15,32,5,19,1,2,0,0
461866	17,4,9,0,0,0,0,2,4,0,0,1,2,0,0,0,0,1,2,0,0
462405	56,5,17,2,2,1,7,2,4,0,2,5,12,1,4,0,0,0,2,0,6
467806	1,0,1,0,0,0,0,0,0,0,0,0,0,0,0,0,0,0,0,0,0
471865	336,25,80,2,4,6,28,13,49,3,10,16,59,13,58,2,10,2,4,11,34
489262	48,4,15,0,1,0,3,0,1,1,7,3,11,1,9,0,1,0,0,0,0
490675	1,0,1,0,0,0,0,0,0,0,0,0,0,0,0,0,0,0,0,0,0
502220	1,1,1,0,0,0,0,0,0,0,0,0,0,0,0,0,0,0,0,0,0
502374	3,1,3,0,0,0,0,0,0,0,0,0,0,0,0,0,0,0,0,0,0
111072	156,21,53,0,1,5,15,4,8,2,9,7,28,8,28,3,8,0,0,3,6
218894	5,0,1,0,0,0,0,0,0,1,1,1,1,1,2,0,0,0,0,0,0
407489	677,53,139,4,8,35,88,26,84,10,32,51,136,43,103,5,18,3,9,22,60
407786	2,0,2,0,0,0,0,0,0,0,0,0,0,0,0,0,0,0,0,0,0
407885	547,39,114,3,7,17,44,30,76,8,24,25,98,21,87,7,22,4,9,26,66
425452	9,0,5,0,0,0,0,0,2,0,0,1,2,0,0,0,0,0,0,0,0
425650	6,1,4,0,0,0,0,0,0,0,0,0,1,0,0,0,0,1,1,0,0
429665	646,47,144,4,13,24,65,15,41,19,57,50,133,29,108,23,60,1,7,5,18
430627	1,0,0,0,0,0,0,0,0,0,0,0,1,0,0,0,0,0,0,0,0
434939	615,51,145,6,14,25,79,18,40,13,30,50,144,30,73,7,37,3,10,17,43
439312	1,0,1,0,0,0,0,0,0,0,0,0,0,0,0,0,0,0,0,0,0
439664	17,3,7,0,0,0,0,0,0,0,0,4,8,1,2,0,0,0,0,0,0
444839	36,7,11,1,2,0,3,0,2,0,0,6,9,2,4,1,3,0,0,0,2
445928	38,6,15,0,0,1,3,0,0,0,0,4,11,0,6,0,1,1,2,0,0
446044	2,0,1,0,0,0,0,0,0,0,0,0,1,0,0,0,0,0,0,0,0
449168	63,4,19,0,0,2,9,0,7,0,3,3,10,0,4,0,0,0,0,4,11
451192	0,0,0,0,0,0,0,0,0,0,0,0,0,0,0,0,0,0,0,0,0
456043	59,2,11,0,0,2,7,1,6,1,5,4,10,2,9,0,5,0,1,0,5
461416	138,13,35,1,1,3,9,3,9,1,3,9,27,9,33,5,14,1,4,2,3
489164	2,0,2,0,0,0,0,0,0,0,0,0,0,0,0,0,0,0,0,0,0
516631	1,0,0,0,0,0,0,0,0,0,0,0,0,0,0,0,0,0,1,0,0
150359	4,0,0,0,0,0,0,0,0,0,1,1,3,0,0,0,0,0,0,0,0
294558	655,64,178,2,10,37,81,18,62,7,21,48,124,43,120,9,32,2,6,5,21
407831	5,0,0,0,0,0,0,0,0,0,0,2,4,0,0,0,0,0,0,0,1
407886	678,71,148,7,20,24,90,13,46,20,51,65,156,37,107,14,23,3,7,12,30
429666	685,50,138,6,15,23,72,20,51,30,76,39,130,46,139,22,47,3,9,4,8
429710	292,20,53,0,6,12,26,4,12,2,15,25,70,16,70,11,31,1,3,2,6
430925	3,1,1,0,0,0,0,0,0,0,0,1,2,0,0,0,0,0,0,0,0
434660	23,2,13,0,0,0,0,0,1,0,1,3,7,1,1,0,0,0,0,0,0
440924	1,0,0,0,0,0,0,0,0,0,0,0,0,0,0,0,0,0,0,0,1
445055	1,0,0,0,0,0,0,0,0,0,0,0,1,0,0,0,0,0,0,0,0
446919	1,0,1,0,0,0,0,0,0,0,0,0,0,0,0,0,0,0,0,0,0
448179	11,0,5,0,0,0,2,0,0,0,1,0,1,0,2,0,0,0,0,0,0
448674	7,1,4,0,0,0,0,0,0,0,0,0,0,0,3,0,0,0,0,0,0
456044	3,0,1,0,0,0,0,0,0,0,0,0,1,0,0,0,0,0,1,0,0
456594	21,1,9,0,1,0,0,1,2,0,0,1,4,0,4,0,1,0,0,0,0
457133	7,3,5,0,0,0,0,0,0,0,0,1,2,0,0,0,0,0,0,0,0
457485	0,0,0,0,0,0,0,0,0,0,0,0,0,0,0,0,0,0,0,0,0
457908	0,0,0,0,0,0,0,0,0,0,0,0,0,0,0,0,0,0,0,0,0
459960	0,0,0,0,0,0,0,0,0,0,0,0,0,0,0,0,0,0,0,0,0
519107	2,0,2,0,0,0,0,0,0,0,0,0,0,0,0,0,0,0,0,0,0
132260	3,0,0,0,0,0,0,0,0,0,0,1,3,0,0,0,0,0,0,0,0
136770	528,57,122,2,7,30,70,27,58,5,21,40,102,25,67,11,22,4,7,19,52
150404	79,3,9,0,0,2,4,3,9,0,11,4,10,8,18,3,12,1,1,1,5
400154	74,8,25,1,1,1,5,0,6,2,6,3,18,1,5,0,0,2,2,2,6
429667	909,64,197,3,15,52,154,16,54,9,29,66,167,69,186,19,58,3,30,10,19
429711	483,38,103,2,9,16,58,11,36,9,29,40,122,16,55,12,31,0,1,12,39
430629	4,2,4,0,0,0,0,0,0,0,0,0,0,0,0,0,0,0,0,0,0
434562	26,3,10,0,1,1,2,2,2,0,0,1,4,2,4,0,3,0,0,0,0
434661	736,80,190,7,13,24,77,15,44,15,32,49,134,56,154,20,65,1,7,6,20
442707	2,0,0,0,0,0,0,0,0,0,0,0,0,1,1,1,1,0,0,0,0
450825	97,11,33,3,6,0,5,0,5,0,3,8,22,4,12,1,3,1,5,1,3
454560	3,0,0,0,0,0,0,0,0,0,0,0,0,0,3,0,0,0,0,0,0
466918	1,0,1,0,0,0,0,0,0,0,0,0,0,0,0,0,0,0,0,0,0
467683	2,0,1,0,0,0,0,0,0,0,0,0,0,0,1,0,0,0,0,0,0
471868	127,11,39,0,1,4,21,1,2,0,0,11,36,9,19,3,7,0,0,1,2
477132	38,3,7,0,0,1,4,1,2,1,3,3,4,2,11,0,4,0,0,0,3
489265	2,0,0,0,0,0,0,0,0,0,1,0,1,0,0,0,0,0,0,0,0
120903	724,65,148,5,9,45,108,35,69,14,44,67,156,47,107,19,40,3,6,20,37
121074	601,41,121,2,7,13,47,20,42,18,42,43,168,34,99,8,16,2,7,19,52
124693	213,23,46,2,5,8,22,13,28,3,16,17,40,14,42,1,7,0,0,2,7
132360	42,9,22,1,2,0,0,0,0,1,2,1,4,2,8,0,0,0,0,2,4
150207	25,4,9,0,2,0,0,2,4,1,2,1,6,0,1,0,0,1,1,0,0
276361	189,17,50,0,3,6,23,5,14,1,5,15,48,7,18,4,8,0,1,7,19
279782	3,0,2,0,0,0,0,0,0,0,0,0,0,0,0,0,0,1,1,0,0
282878	15,4,7,0,0,0,0,0,1,1,1,2,2,1,4,0,0,0,0,0,0
407833	461,29,99,1,5,13,39,15,56,10,24,39,100,18,60,8,27,4,9,13,42
407932	1,0,1,0,0,0,0,0,0,0,0,0,0,0,0,0,0,0,0,0,0
424366	7,2,6,0,0,0,0,0,0,0,0,1,1,0,0,0,0,0,0,0,0
424465	6,1,2,0,0,0,0,0,0,0,0,0,2,1,1,1,1,0,0,0,0
429712	142,18,50,0,1,6,21,1,3,1,3,15,34,4,10,6,12,2,4,0,4
430828	132,12,32,0,4,3,11,5,10,6,13,15,37,2,12,2,8,2,2,1,3
430927	277,29,68,2,5,11,24,14,27,2,6,19,56,10,42,5,16,2,6,7,27
434563	538,36,130,6,12,34,87,6,23,9,21,48,110,26,104,7,27,3,9,6,15
445156	16,1,1,1,1,1,4,1,4,0,0,0,2,1,3,0,0,1,1,0,0
447730	5,0,4,0,0,0,0,0,0,0,0,0,1,0,0,0,0,0,0,0,0
448676	309,45,96,2,7,6,14,6,19,7,20,23,63,27,61,9,15,2,4,3,10
449468	5,1,3,0,0,0,0,0,0,0,0,1,1,0,1,0,0,0,0,0,0
451096	5,2,4,0,0,1,1,0,0,0,0,0,0,0,0,0,0,0,0,0,0
455100	1,0,0,0,0,0,0,0,0,0,0,1,1,0,0,0,0,0,0,0,0
458675	41,5,10,0,0,2,3,1,2,1,2,3,13,4,7,2,4,0,0,0,0
458873	1,0,1,0,0,0,0,0,0,0,0,0,0,0,0,0,0,0,0,0,0
461815	508,49,115,8,23,13,55,18,49,7,19,45,126,21,64,6,27,0,4,8,26
502125	5,1,4,0,0,0,0,0,0,0,0,0,1,0,0,0,0,0,0,0,0
502422	2,0,1,0,0,0,0,0,0,0,0,0,0,0,1,0,0,0,0,0,0
110383	496,46,121,3,14,13,34,6,30,9,31,46,125,26,88,12,31,0,3,9,19
114596	204,17,45,1,7,6,22,5,15,7,13,13,43,20,49,1,2,1,3,3,5
115135	634,61,147,4,10,18,49,18,55,20,47,42,126,47,117,18,44,0,2,8,37
134341	401,35,111,3,7,9,34,11,29,9,14,20,81,19,63,3,12,1,6,12,44
135782	9,2,5,0,0,0,0,0,0,0,0,0,2,0,2,0,0,0,0,0,0
367893	0,0,0,0,0,0,0,0,0,0,0,0,0,0,0,0,0,0,0,0,0
425555	6,0,1,0,0,0,0,0,0,0,0,0,0,0,5,0,0,0,0,0,0
425852	8,1,2,0,1,0,0,0,0,0,0,2,2,1,1,0,0,0,1,0,1
429713	791,79,182,3,12,40,99,32,67,11,31,57,170,31,105,21,51,3,5,21,69
430829	2,0,1,0,0,0,0,0,0,0,0,0,1,0,0,0,0,0,0,0,0
431143	15,1,8,0,0,0,0,0,0,0,0,2,4,0,0,0,0,0,0,1,3
435158	3,1,1,0,0,0,0,0,0,0,0,0,1,1,1,0,0,0,0,0,0
440251	36,6,19,1,2,2,2,0,0,1,1,3,9,1,2,0,0,0,0,0,1
460051	13,2,5,0,0,0,0,0,0,0,0,1,5,1,3,0,0,0,0,0,0
489267	44,1,13,0,0,1,1,0,1,0,2,2,11,2,7,3,7,0,1,0,1
501785	1,0,1,0,0,0,0,0,0,0,0,0,0,0,0,0,0,0,0,0,0
501983	89,13,34,1,2,1,3,4,7,3,5,6,10,4,16,1,1,0,1,1,10
502126	1,0,0,0,1,0,0,0,0,0,0,0,0,0,0,0,0,0,0,0,0
502973	19,2,7,0,3,1,1,0,0,0,1,2,4,0,2,1,1,0,0,0,0
135783	174,11,44,1,5,3,6,5,21,4,12,10,33,15,45,2,4,1,2,1,2
407835	35,2,10,0,1,2,6,0,0,1,2,3,8,3,7,0,0,0,1,0,0
425556	43,8,20,1,4,1,2,0,1,0,3,2,6,0,2,1,5,0,0,0,0
425853	641,40,128,4,10,12,52,25,95,7,30,44,124,29,101,5,22,4,7,24,72
429714	5,1,3,0,0,0,1,0,0,0,0,0,1,0,0,0,0,0,0,0,0
434664	86,9,28,3,7,0,3,1,7,2,4,6,23,2,7,1,2,0,2,2,3
435401	655,56,149,7,16,37,109,11,39,17,40,54,139,42,100,11,28,1,6,6,29
440351	6,2,2,0,0,0,0,0,0,0,0,2,4,0,0,0,0,0,0,0,0
445158	4,1,1,0,0,1,1,0,0,0,0,0,2,0,0,0,0,0,0,0,0
451494	0,0,0,0,0,0,0,0,0,0,0,0,0,0,0,0,0,0,0,0,0
457830	1,0,1,0,0,0,0,0,0,0,0,0,0,0,0,0,0,0,0,0,0
458721	4,1,2,0,0,0,0,0,2,0,0,0,0,0,0,0,0,0,0,0,0
459964	289,24,59,1,1,11,33,8,31,3,11,25,67,13,45,4,11,1,2,12,29
467785	6,0,3,0,0,0,0,0,0,0,0,0,0,0,0,0,2,0,0,0,1
488674	14,0,1,0,0,0,2,0,0,1,2,1,4,1,3,0,2,0,0,0,0
489763	0,0,0,0,0,0,0,0,0,0,0,0,0,0,0,0,0,0,0,0,0
110385	283,25,72,1,4,6,27,6,28,6,15,26,69,16,46,1,17,1,2,3,3
116974	646,51,144,7,13,17,62,14,48,28,70,38,122,45,128,14,44,0,4,5,11
122111	533,35,102,1,6,13,43,12,36,11,35,47,130,29,87,7,28,1,3,19,63
132660	165,13,46,1,1,3,17,0,0,2,11,12,38,12,25,5,15,0,1,4,11
135784	690,52,124,3,8,19,57,13,45,16,49,67,186,51,121,11,30,2,8,22,62
400158	27,1,9,0,1,1,2,1,3,0,1,2,5,0,2,1,3,0,1,0,0
425557	373,33,102,4,10,7,22,3,13,5,20,30,90,35,78,10,22,0,4,3,12
425656	14,0,1,0,0,0,0,0,1,0,0,0,3,2,6,1,3,0,0,0,0
425854	20,2,9,0,0,0,0,0,0,1,2,1,6,0,1,0,0,0,0,2,2
430001	622,42,119,3,19,23,68,9,45,23,68,51,122,44,121,13,40,3,6,7,14
431145	758,82,194,4,15,26,73,23,56,19,54,54,147,56,149,17,39,3,10,10,21
433477	29,9,14,1,1,0,0,1,1,0,0,2,9,1,2,0,0,0,0,2,2
434665	3,0,1,0,0,0,0,0,0,0,0,0,0,0,2,0,0,0,0,0,0
435358	653,45,147,5,12,28,91,28,72,13,44,45,143,20,66,5,21,4,13,14,44
435402	96,10,25,0,3,3,13,2,6,2,8,3,10,7,20,0,10,1,1,0,0
435501	25,1,10,0,2,0,0,0,0,0,0,1,7,0,2,1,2,0,1,1,1
444961	1,0,1,0,0,0,0,0,0,0,0,0,0,0,0,0,0,0,0,0,0
448327	2,0,2,0,0,0,0,0,0,0,0,0,0,0,0,0,0,0,0,0,0
449867	4,1,3,0,0,0,0,0,0,0,0,0,1,0,0,0,0,0,0,0,0
451143	2,0,1,0,0,0,0,0,0,0,0,0,0,1,1,0,0,0,0,0,0
451594	36,4,17,0,0,0,0,0,3,0,1,0,12,1,3,0,0,0,0,0,0
452232	14,2,9,0,0,0,1,0,0,0,0,1,2,1,2,0,0,0,0,0,0
461791	2,1,1,0,0,0,0,0,0,0,0,0,1,0,0,0,0,0,0,0,0
469810	8,1,5,0,0,0,0,0,0,0,1,1,2,0,0,0,0,0,0,0,0
492706	452,31,107,1,6,22,70,11,53,9,33,29,98,12,45,4,11,3,7,9,22
502029	1,1,1,0,0,0,0,0,0,0,0,0,0,0,0,0,0,0,0,0,0
518518	1,1,1,0,0,0,0,0,0,0,0,0,0,0,0,0,0,0,0,0,0
110683	4,0,3,0,0,0,0,0,0,0,0,0,0,1,1,0,0,0,0,0,0
115732	410,49,109,2,7,5,18,15,42,9,20,25,72,35,78,19,35,3,7,6,22
150382	3,0,2,0,0,0,0,0,0,0,0,0,0,0,1,0,0,0,0,0,0
425206	451,41,109,1,7,17,40,7,22,12,28,38,106,20,64,10,24,2,5,15,46
425503	122,5,31,1,3,4,8,2,8,0,2,6,28,9,24,1,3,0,0,1,15
425657	1,0,1,0,0,0,0,0,0,0,0,0,0,0,0,0,0,0,0,0,0
434567	633,68,160,2,14,24,65,12,33,21,45,39,132,37,116,15,40,3,8,6,20
451595	13,1,2,0,0,0,0,0,0,1,2,0,2,1,4,0,3,0,0,0,0
452035	5,1,2,0,0,0,0,0,0,0,0,0,3,0,0,0,0,0,0,0,0
452783	124,10,28,0,5,1,4,4,9,5,18,6,22,15,35,0,3,0,0,0,0
455104	436,53,121,4,13,8,19,5,21,10,21,40,105,43,100,6,17,3,4,5,15
455951	2,1,1,0,0,0,0,0,0,0,0,0,0,0,0,0,0,0,1,0,0
457788	29,4,12,0,1,0,0,2,3,0,0,3,8,0,3,0,1,1,1,0,0
458679	2,0,1,0,0,0,0,0,0,0,0,1,1,0,0,0,0,0,0,0,0
460252	119,7,25,0,5,6,18,5,10,0,1,9,29,2,13,1,7,1,2,5,9
488676	52,4,10,0,2,0,0,1,5,2,3,4,14,4,11,2,4,0,0,2,3
493120	669,64,162,5,18,20,63,13,47,15,37,60,149,37,119,16,46,3,6,10,22
501788	2,0,0,0,0,0,0,0,0,0,0,0,2,0,0,0,0,0,0,0,0
501986	3,0,0,0,0,0,0,0,0,0,0,0,1,0,0,0,0,0,2,0,0
519031	2,0,0,0,1,0,0,0,0,0,0,1,1,0,0,0,0,0,0,0,0
110189	57,3,7,0,0,1,5,2,6,0,0,3,11,8,21,2,3,0,1,3,3
120485	2,0,0,0,0,0,2,0,0,0,0,0,0,0,0,0,0,0,0,0,0
150284	4,0,0,0,0,0,0,0,0,0,0,0,1,1,3,0,0,0,0,0,0
150482	45,3,10,1,2,1,6,0,0,3,4,4,17,0,3,0,0,0,0,0,3
237800	36,6,13,1,2,0,2,0,1,1,3,4,6,3,3,0,0,0,0,0,6
285078	759,66,151,9,28,25,90,38,91,13,33,65,179,43,105,17,35,3,6,17,41
425856	7,0,0,0,0,0,0,0,0,0,2,1,2,1,3,0,0,0,0,0,0
425900	645,44,131,3,16,37,83,27,66,10,28,66,152,30,98,8,23,3,11,18,37
429717	88,6,19,0,1,1,12,1,5,3,7,7,15,7,23,0,3,1,1,1,2
430652	29,5,17,1,1,0,0,0,0,0,1,3,7,0,1,0,0,2,2,0,0
433578	4,0,2,0,1,0,1,0,0,0,0,0,0,0,0,0,0,0,0,0,0
435459	14,4,11,0,0,0,0,0,0,0,0,1,1,0,1,0,0,0,1,0,0
435558	557,52,120,4,7,12,36,27,88,4,20,40,116,32,86,5,16,3,14,13,54
444116	2,0,1,0,1,0,0,0,0,0,0,0,0,0,0,0,0,0,0,0,0
444864	3,0,0,0,1,0,0,0,0,0,0,0,0,0,2,0,0,0,0,0,0
451596	10,0,0,0,0,1,4,0,0,0,1,0,0,0,3,0,2,0,0,0,0
451695	3,0,0,0,0,0,0,0,0,0,0,0,0,0,2,0,0,1,1,0,0
452234	147,11,43,2,5,4,10,4,11,0,5,13,33,12,23,3,11,1,3,2,3
457635	1,0,1,0,0,0,0,0,0,0,0,0,0,0,0,0,0,0,0,0,0
459714	33,3,13,0,0,0,0,4,6,0,0,4,10,2,4,0,0,0,0,0,0
460055	9,2,4,0,0,1,1,0,0,0,1,1,2,0,1,0,0,0,0,0,0
464411	1,1,1,0,0,0,0,0,0,0,0,0,0,0,0,0,0,0,0,0,0
488721	16,3,10,0,1,0,0,0,0,0,0,1,3,0,1,0,0,1,1,0,0
489090	2,0,1,0,0,0,0,0,0,0,0,1,1,0,0,0,0,0,0,0,0
518394	2,0,1,0,0,0,0,0,0,0,0,0,1,0,0,0,0,0,0,0,0
110135	15,4,9,0,0,1,2,0,0,0,1,0,3,0,0,0,0,0,0,0,0
113358	38,3,7,0,0,0,0,2,4,0,1,2,13,4,8,1,2,0,0,2,3
136722	556,41,101,3,9,10,34,16,40,12,27,64,150,38,107,15,30,4,8,17,50
150230	18,1,2,0,0,0,2,1,2,0,1,1,5,0,5,1,1,0,0,0,0
276510	24,3,10,0,0,0,2,0,0,0,0,0,2,4,9,0,1,0,0,0,0
285079	6,1,2,0,0,0,2,0,0,0,0,0,0,0,0,0,2,0,0,0,0
346800	1,0,0,0,0,0,0,0,0,0,1,0,0,0,0,0,0,0,0,0,0
408252	673,50,148,2,13,23,57,16,43,22,63,41,143,45,135,13,49,1,3,6,19
425659	23,5,8,0,0,0,0,0,3,0,0,1,7,2,3,0,2,0,0,0,0
429718	15,1,3,0,0,0,0,0,0,1,2,2,2,3,7,1,1,0,0,0,0
430653	10,3,6,0,0,0,0,0,0,0,0,1,4,0,0,0,0,0,0,0,0
431148	38,0,1,0,1,0,36,0,0,0,0,0,0,0,0,0,0,0,0,0,0
433579	7,0,0,0,0,1,4,0,0,0,0,1,1,0,2,0,0,0,0,0,0
435081	0,0,0,0,0,0,0,0,0,0,0,0,0,0,0,0,0,0,0,0,0
435180	100,12,36,1,3,3,6,1,6,0,3,8,21,4,19,0,4,0,1,0,1
435559	626,45,124,5,9,12,56,35,87,11,26,39,125,39,98,10,23,1,10,27,68
435658	51,2,8,0,0,1,4,0,0,3,4,4,13,0,8,2,9,0,0,2,5
444865	4,0,0,0,0,0,0,0,0,0,0,0,2,0,2,0,0,0,0,0,0
447736	140,12,34,1,1,8,18,4,6,4,7,12,36,4,16,10,21,0,1,0,0
455755	7,0,2,1,1,0,0,0,3,0,0,1,1,0,0,0,0,0,0,0,0
457988	1,0,1,0,0,0,0,0,0,0,0,0,0,0,0,0,0,0,0,0,0
460100	0,0,0,0,0,0,0,0,0,0,0,0,0,0,0,0,0,0,0,0,0
489316	7,1,2,0,0,0,0,0,0,0,0,0,0,0,2,1,2,0,1,0,0
543216	8,1,4,0,0,0,0,0,1,0,0,0,1,1,1,1,1,0,0,0,0
112116	393,31,82,5,13,14,36,8,39,2,12,39,93,35,79,6,17,1,10,5,12
132961	394,24,92,3,10,19,48,9,34,2,6,25,64,45,105,5,23,2,7,1,5
150286	311,29,86,1,4,18,42,7,29,1,7,24,72,9,26,5,12,3,8,5,25
150484	517,41,117,4,5,19,61,22,56,9,32,35,89,28,77,4,15,3,7,22,58
400008	1,0,0,0,0,0,0,0,0,0,0,0,1,0,0,0,0,0,0,0,0
425506	401,31,89,2,5,10,33,9,26,7,12,33,84,21,77,24,55,1,4,3,16
425858	0,0,0,0,0,0,0,0,0,0,0,0,0,0,0,0,0,0,0,0,0
425902	768,59,162,10,16,32,80,20,51,31,81,58,149,53,157,25,50,2,9,8,13
429719	7,1,3,0,0,0,2,0,0,0,0,0,0,0,0,0,2,0,0,0,0
430203	625,51,121,1,3,20,53,35,82,13,41,50,133,33,86,13,35,1,5,20,66
430951	19,5,11,0,0,0,0,0,0,0,0,2,5,2,3,0,0,0,0,0,0
434669	3,0,0,0,0,0,0,0,0,0,0,0,0,1,2,0,0,0,1,0,0
435181	589,45,133,5,15,29,78,14,46,7,17,42,124,30,102,10,52,1,6,7,16
444514	1,0,0,0,0,0,0,0,0,0,0,0,0,0,1,0,0,0,0,0,0
450300	4,1,2,0,0,0,0,0,0,0,0,0,2,0,0,0,0,0,0,0,0
453974	4,1,1,0,0,0,0,0,0,0,0,0,1,1,2,0,0,0,0,0,0
462136	2,0,0,0,0,0,0,0,0,0,0,0,0,2,2,0,0,0,0,0,0
508892	4,1,2,0,0,0,0,0,0,0,0,0,2,0,0,0,0,0,0,0,0
518792	2,0,1,0,0,0,0,0,0,0,0,0,0,0,0,0,1,0,0,0,0
110236	662,56,139,1,12,13,44,22,67,7,20,54,158,37,100,5,38,2,7,25,77
136724	175,16,47,4,9,4,9,5,25,1,2,13,45,8,34,1,3,0,1,0,0
150089	22,2,11,0,0,0,0,0,0,0,0,2,7,0,0,0,2,0,2,0,0
150188	1,0,0,0,0,0,0,0,0,0,0,0,1,0,0,0,0,0,0,0,0
150331	10,3,5,0,1,0,0,0,0,0,0,0,3,0,0,0,0,0,0,0,1
150430	2,0,0,0,0,0,0,0,0,0,1,0,0,0,1,0,0,0,0,0,0
346857	422,36,100,1,7,10,39,11,28,6,20,43,111,16,48,7,16,3,5,12,48
406670	83,4,20,0,1,2,6,2,6,1,3,4,18,8,19,1,8,1,2,0,0
425859	9,0,4,0,0,0,0,0,0,0,1,0,1,0,2,0,0,0,0,1,1
425903	714,76,175,3,9,33,101,24,66,21,38,58,133,40,104,7,27,1,6,22,55
429440	14,1,4,0,1,1,2,0,1,0,0,0,0,1,4,0,2,0,0,0,0
446270	2,0,0,0,1,0,0,0,0,0,0,0,1,0,0,0,0,0,0,0,0
452732	1,1,1,0,0,0,0,0,0,0,0,0,0,0,0,0,0,0,0,0,0
453029	1,1,1,0,0,0,0,0,0,0,0,0,0,0,0,0,0,0,0,0,0
455009	3,0,1,0,0,0,0,0,0,0,0,1,2,0,0,0,0,0,0,0,0
457061	1,0,1,0,0,0,0,0,0,0,0,0,0,0,0,0,0,0,0,0,0
458628	179,14,48,2,7,5,20,0,1,7,18,16,44,12,38,2,2,0,1,0,0
460003	56,3,13,1,4,0,3,5,10,0,2,8,12,2,6,2,4,1,1,1,1
461345	3,1,3,0,0,0,0,0,0,0,0,0,0,0,0,0,0,0,0,0,0
468429	5,1,3,0,0,0,0,0,0,0,0,1,2,0,0,0,0,0,0,0,0
469040	145,14,38,1,6,2,5,0,2,2,7,13,47,11,36,1,2,1,2,0,0
518540	1,0,0,0,0,0,0,0,0,0,0,0,1,0,0,0,0,0,0,0,0
112316	228,29,69,1,7,8,22,3,13,3,13,19,53,13,26,1,11,2,2,6,12
113702	388,33,103,4,16,7,25,10,31,9,25,27,91,27,72,4,11,2,5,4,9
123107	339,23,86,2,10,4,17,7,14,14,28,33,81,34,87,2,7,3,6,1,3
150134	160,10,28,1,3,4,17,4,12,7,17,12,44,8,25,0,0,0,1,3,13
325392	220,27,77,3,8,2,8,1,5,4,6,23,61,8,25,8,26,1,1,1,3
425508	408,20,97,6,11,11,37,19,35,4,13,31,88,35,93,9,19,3,6,4,9
425904	255,24,60,2,3,8,24,7,22,4,10,22,61,18,42,7,22,1,1,1,10
435408	17,1,7,0,3,0,0,0,0,0,0,0,5,0,0,0,0,0,0,1,2
444912	8,2,6,0,0,0,1,0,0,0,0,1,1,0,0,0,0,0,0,0,0
450203	20,0,2,0,0,1,2,1,3,0,1,1,8,1,3,0,1,0,0,0,0
452238	2,0,1,0,0,0,0,0,0,0,0,0,0,0,0,0,0,0,1,0,0
452733	37,0,0,0,0,2,7,1,2,2,5,2,7,4,8,0,2,0,0,0,6
453228	5,1,2,0,0,0,0,0,0,0,0,1,3,0,0,0,0,0,0,0,0
453327	74,6,18,0,0,2,6,1,4,0,0,5,21,5,18,1,2,0,2,0,3
453525	194,24,53,2,4,7,27,2,18,3,14,3,25,8,33,3,19,0,1,0,0
458926	2,0,2,0,0,0,0,0,0,0,0,0,0,0,0,0,0,0,0,0,0
460004	149,26,39,1,1,2,7,3,7,4,13,11,39,7,26,0,9,0,2,3,6
460059	76,3,11,1,1,0,3,2,8,0,1,5,20,7,30,1,2,0,0,0,0
462985	16,0,6,0,1,1,2,0,0,0,0,1,3,1,3,0,0,0,0,1,1
474865	6,1,3,1,1,0,0,0,0,0,0,1,2,0,0,0,0,0,0,0,0
477538	1,0,0,0,0,0,0,1,1,0,0,0,0,0,0,0,0,0,0,0,0
489094	0,0,0,0,0,0,0,0,0,0,0,0,0,0,0,0,0,0,0,0,0
502151	0,0,0,0,0,0,0,0,0,0,0,0,0,0,0,0,0,0,0,0,0
518794	5,1,4,0,0,0,0,0,0,0,0,0,0,1,1,0,0,0,0,0,0
123801	3,0,0,0,0,0,0,0,0,0,0,0,0,0,3,0,0,0,0,0,0
136726	0,0,0,0,0,0,0,0,0,0,0,0,0,0,0,0,0,0,0,0,0
150289	795,56,174,8,19,53,103,31,79,10,25,65,167,47,122,15,32,2,5,29,69
276514	1,0,1,0,0,0,0,0,0,0,0,0,0,0,0,0,0,0,0,0,0
277405	1,0,0,0,0,0,0,0,0,0,0,0,1,0,0,0,0,0,0,0,0
346859	372,28,105,6,9,14,39,6,15,1,13,28,92,21,55,10,22,1,3,5,19
400083	4,1,3,0,0,0,0,0,0,0,0,0,1,0,0,0,0,0,0,0,0
408201	22,2,10,1,1,0,1,1,3,0,0,0,6,1,1,0,0,0,0,0,0
425509	713,61,159,3,9,30,86,15,65,6,25,64,165,21,84,13,48,6,11,23,61
430404	233,9,47,1,2,1,6,8,20,2,19,15,61,12,33,7,15,0,3,13,27
430657	38,3,4,0,0,1,2,2,4,1,4,4,7,3,9,0,6,0,0,0,2
432934	40,2,5,0,0,0,0,2,5,0,0,2,4,5,15,0,8,0,0,2,3
449792	1,0,0,0,0,0,0,0,0,0,0,0,1,0,0,0,0,0,0,0,0
450204	540,54,137,1,5,20,67,17,43,5,24,28,112,31,72,9,24,4,9,18,47
450303	33,2,10,0,0,0,0,0,2,1,2,3,10,1,5,0,0,0,0,2,4
452239	25,6,13,0,0,0,2,0,0,0,0,2,6,1,1,1,3,0,0,0,0
455759	755,58,172,6,19,14,60,24,50,13,47,57,158,53,167,24,62,4,7,5,13
455957	5,2,4,0,0,0,0,0,0,0,0,0,0,0,0,0,0,0,0,0,1
488726	2,1,1,0,0,0,0,0,0,0,0,1,1,0,0,0,0,0,0,0,0
489040	0,0,0,0,0,0,0,0,0,0,0,0,0,0,0,0,0,0,0,0,0
519433	0,0,0,0,0,0,0,0,0,0,0,0,0,0,0,0,0,0,0,0,0
124748	315,32,79,1,3,9,30,13,37,5,11,25,69,13,46,1,7,1,5,11,28
136727	1,0,0,0,0,0,0,0,0,0,0,0,0,0,1,0,0,0,0,0,0
137140	152,7,33,1,3,6,12,7,13,2,6,9,22,17,49,4,11,1,3,0,0
150037	1,0,0,1,1,0,0,0,0,0,0,0,0,0,0,0,0,0,0,0,0
150433	8,1,4,0,1,0,0,0,0,0,0,0,1,0,1,0,0,0,1,0,0
407113	6,0,2,0,0,0,0,0,2,0,0,0,0,0,2,0,0,0,0,0,0
407861	506,48,118,6,17,13,43,14,34,13,38,35,96,49,112,16,42,0,1,0,5
425186	8,0,1,0,0,0,0,0,2,0,0,0,0,0,3,0,2,0,0,0,0
430603	24,7,15,0,0,1,1,1,2,0,0,2,3,1,2,0,0,0,1,0,0
430658	30,2,10,1,2,2,2,0,0,0,0,6,10,0,2,0,2,0,0,1,2
430900	2,0,0,0,0,0,1,0,0,0,0,0,1,0,0,0,0,0,0,0,0
430955	2,0,1,0,0,0,0,0,0,0,0,0,1,0,0,0,0,0,0,0,0
453527	53,4,9,0,1,1,2,1,2,0,3,4,14,6,17,0,2,0,0,1,3
453923	561,46,153,5,13,24,61,19,40,5,22,46,111,42,94,20,48,1,6,5,13
459440	3,0,1,0,0,0,0,0,0,0,0,1,2,0,0,0,0,0,0,0,0
459891	1,0,1,0,0,0,0,0,0,0,0,0,0,0,0,0,0,0,0,0,0
460105	4,0,0,0,0,0,0,0,0,2,2,0,0,0,1,0,0,0,0,0,1
471897	2,0,0,0,0,0,0,0,0,0,0,1,1,1,1,0,0,0,0,0,0
476270	2,1,2,0,0,0,0,0,0,0,0,0,0,0,0,0,0,0,0,0,0
489140	0,0,0,0,0,0,0,0,0,0,0,0,0,0,0,0,0,0,0,0,0
489717	1,1,1,0,0,0,0,0,0,0,0,0,0,0,0,0,0,0,0,0,0
493127	902,93,191,4,14,35,115,30,94,18,29,70,185,52,160,9,35,2,8,21,71
114849	27,0,1,0,0,2,9,1,1,0,0,1,2,4,12,0,2,0,0,0,0
150137	76,6,28,0,0,1,6,0,0,1,6,5,15,2,10,3,9,0,0,1,2
400085	815,65,175,6,23,42,115,34,100,22,53,60,165,35,91,10,28,3,14,22,51
407862	416,44,123,2,5,14,41,10,20,19,43,27,82,28,71,3,16,5,6,4,9
425484	1,0,0,0,0,0,1,0,0,0,0,0,0,0,0,0,0,0,0,0,0
430956	52,5,14,0,0,0,3,2,7,0,0,2,4,4,15,0,3,1,1,0,5
431171	56,6,29,0,1,1,6,1,3,0,2,5,10,0,1,3,3,0,1,0,0
444041	9,1,4,0,1,0,0,0,2,0,0,0,0,0,0,0,0,0,1,0,1
446373	11,2,8,0,0,0,0,0,0,0,0,1,1,0,2,0,0,0,0,0,0
452989	384,36,87,3,10,8,34,5,13,6,24,29,81,23,77,12,34,3,8,4,16
457461	0,0,0,0,0,0,0,0,0,0,0,0,0,0,0,0,0,0,0,0,0
458000	27,7,19,0,2,0,0,0,0,0,0,2,5,0,1,0,0,0,0,0,0
459991	11,0,5,0,1,1,2,0,1,0,0,1,1,1,1,0,0,0,0,0,0
465705	17,0,1,0,1,0,1,0,2,2,4,1,7,0,1,0,0,0,0,0,0
473922	5,1,5,0,0,0,0,0,0,0,0,0,0,0,0,0,0,0,0,0,0
117919	31,1,6,1,4,1,4,1,2,0,0,2,9,0,3,0,1,2,2,0,0
133380	704,76,164,6,19,26,66,15,46,20,54,59,139,53,144,15,43,4,6,4,23
291565	274,25,72,2,7,4,26,11,34,3,13,19,62,11,43,3,12,1,2,0,3
348562	19,4,11,0,0,0,1,0,0,0,0,3,7,0,0,0,0,0,0,0,0
400284	915,56,184,8,12,55,154,12,55,15,34,68,170,86,195,23,59,26,29,7,23
425386	9,0,1,0,0,0,0,2,4,0,0,0,2,1,2,0,0,0,0,0,0
429841	182,13,51,0,5,4,20,1,3,6,18,14,40,13,29,3,9,1,4,1,3
430605	245,21,72,3,8,3,12,7,13,2,20,15,62,12,31,3,3,1,6,6,18
430957	27,4,15,0,0,0,0,0,1,0,0,2,7,0,1,0,2,0,0,0,1
442738	2,0,1,0,1,0,0,0,0,0,0,0,0,0,0,0,0,0,0,0,0
444141	0,0,0,0,0,0,0,0,0,0,0,0,0,0,0,0,0,0,0,0,0
445186	1,0,0,0,0,0,0,0,0,0,0,0,0,0,1,0,0,0,0,0,0
446121	10,1,4,0,0,0,0,0,0,0,0,1,2,0,1,1,2,0,1,0,0
446275	0,0,0,0,0,0,0,0,0,0,0,0,0,0,0,0,0,0,0,0,0
448200	28,0,4,0,0,1,4,1,3,0,2,1,3,3,10,0,1,0,0,1,1
460602	4,0,0,0,0,0,0,0,0,1,1,0,0,0,2,0,1,0,0,0,0
466471	1,0,0,0,0,0,0,0,0,0,0,0,1,0,0,0,0,0,0,0,0
502100	1,0,1,0,0,0,0,0,0,0,0,0,0,0,0,0,0,0,0,0,0
117244	601,43,119,3,7,19,65,28,76,4,31,59,139,29,88,7,24,3,9,17,43
150337	7,0,0,0,0,0,0,0,0,0,0,1,3,0,1,0,3,0,0,0,0
276914	1,0,0,0,0,0,0,0,0,0,0,0,0,1,1,0,0,0,0,0,0
282656	76,0,3,0,2,2,10,1,4,1,12,3,11,4,26,1,8,0,0,0,0
340192	627,50,139,2,3,29,80,24,71,11,38,47,113,33,101,6,16,4,8,22,58
348563	113,10,29,0,3,3,10,3,12,1,8,6,25,3,13,1,2,0,0,3,11
406874	1,0,0,0,0,0,1,0,0,0,0,0,0,0,0,0,0,0,0,0,0
424144	66,3,7,0,0,2,4,3,11,0,7,4,8,2,22,0,3,0,0,2,4
425530	3,1,1,0,0,0,0,0,0,0,0,0,0,1,2,0,0,0,0,0,0
425783	370,40,92,3,5,23,47,13,35,3,9,28,74,15,47,17,31,4,7,7,23
430606	2,0,0,0,0,0,0,0,0,0,0,0,2,0,0,0,0,0,0,0,0
430958	137,16,45,2,7,2,12,2,7,2,5,8,30,2,18,4,7,1,1,1,5
440803	1,0,1,0,0,0,0,0,0,0,0,0,0,0,0,0,0,0,0,0,0
446276	5,1,2,0,0,0,0,0,0,0,0,0,1,1,1,0,0,0,1,0,0
446474	15,2,10,0,1,1,1,0,0,0,0,0,1,1,2,0,0,0,0,0,0
447761	157,17,45,4,6,4,8,6,11,1,8,9,32,10,31,2,11,0,2,1,3
448256	6,1,3,0,0,0,0,0,1,0,0,1,1,1,1,0,0,0,0,0,0
456121	113,8,25,1,1,4,9,2,3,2,8,15,41,5,10,2,5,0,1,2,10
456671	14,3,8,0,1,0,0,0,0,0,0,0,0,1,3,0,1,0,1,0,0
489242	0,0,0,0,0,0,0,0,0,0,0,0,0,0,0,0,0,0,0,0,0
503498	2,0,2,0,0,0,0,0,0,0,0,0,0,0,0,0,0,0,0,0,0
520471	1,0,1,0,0,0,0,0,0,0,0,0,0,0,0,0,0,0,0,0,0
115210	387,26,74,3,3,20,49,14,36,7,14,20,74,22,61,5,27,3,5,15,44
209315	155,17,49,1,4,1,13,3,10,2,7,8,37,5,16,7,15,0,0,2,4
276519	837,52,130,4,14,49,154,12,46,10,23,63,174,81,205,7,40,7,30,9,21
408206	82,2,10,0,1,3,17,2,7,1,3,1,4,12,31,0,7,0,0,2,2
408305	749,63,196,4,14,25,82,23,57,12,30,63,159,36,115,27,72,1,6,5,18
425487	76,4,8,0,1,6,17,0,7,2,8,3,12,4,16,3,6,1,1,0,0
425531	9,0,0,0,0,1,3,0,0,0,1,1,3,0,0,0,1,1,1,0,0
425630	86,2,11,0,1,1,11,2,5,2,9,5,14,11,24,4,11,0,0,0,0
425784	3,1,1,0,0,0,0,0,0,0,0,0,2,0,0,0,0,0,0,0,0
430904	76,4,12,0,0,5,22,0,0,0,5,1,9,6,22,0,4,0,1,0,1
434540	14,3,6,0,0,0,1,0,0,0,1,0,2,2,3,0,0,0,0,0,1
444099	3,0,0,0,0,0,0,0,0,0,0,2,3,0,0,0,0,0,0,0,0
444440	2,0,0,0,0,0,0,0,2,0,0,0,0,0,0,0,0,0,0,0,0
445584	25,5,15,1,1,0,0,0,0,0,0,2,3,0,2,1,2,0,0,2,2
450308	7,0,0,0,0,0,4,0,0,0,1,0,0,0,2,0,0,0,0,0,0
452063	2,0,1,0,0,0,0,0,0,0,0,0,1,0,0,0,0,0,0,0,0
455088	501,50,129,5,17,16,48,11,40,8,31,41,104,25,84,11,28,2,12,4,8
456078	0,0,0,0,0,0,0,0,0,0,0,0,0,0,0,0,0,0,0,0,0
456122	1,0,0,0,0,0,0,0,0,0,0,1,1,0,0,0,0,0,0,0,0
457761	7,0,0,0,0,0,3,0,0,0,0,0,0,0,2,0,0,0,0,0,2
502003	14,4,9,1,2,0,0,0,0,0,0,0,2,1,1,0,0,0,0,0,0
502454	1,0,0,0,0,0,0,0,0,0,0,0,1,0,0,0,0,0,0,0,0
503345	0,0,0,0,0,0,0,0,0,0,0,0,0,0,0,0,0,0,0,0,0
123609	172,20,64,1,5,5,8,9,16,6,14,14,42,6,12,0,7,1,3,0,1
340392	31,6,16,1,4,1,3,0,0,1,1,2,4,1,2,0,0,0,0,0,1
408108	642,48,158,3,11,27,80,15,40,6,30,34,116,46,134,19,50,2,6,9,17
408306	167,14,33,0,2,0,36,2,3,0,5,26,43,7,20,0,3,0,1,6,21
425631	81,5,24,0,2,1,6,0,1,1,3,10,24,2,11,2,5,1,2,1,3
425686	417,47,107,2,9,13,41,14,40,9,20,42,100,21,60,5,11,0,3,6,26
425785	304,24,80,2,11,8,32,7,19,3,6,26,67,24,56,8,21,1,4,3,8
430905	130,17,48,3,4,4,9,1,2,1,3,13,40,4,12,4,6,0,2,0,4
434442	19,0,0,0,0,0,0,0,0,0,0,18,18,0,1,0,0,0,0,0,0
434596	2,0,2,0,0,0,0,0,0,0,0,0,0,0,0,0,0,0,0,0,0
444919	0,0,0,0,0,0,0,0,0,0,0,0,0,0,0,0,0,0,0,0,0
448159	63,3,9,0,0,1,6,4,7,2,6,1,11,6,18,2,6,0,0,0,0
450282	4,0,0,0,0,0,0,1,2,0,0,0,0,0,0,0,0,0,0,0,2
456420	1,0,1,0,0,0,0,0,0,0,0,0,0,0,0,0,0,0,0,0,0
457762	1,0,1,0,0,0,0,0,0,0,0,0,0,0,0,0,0,0,0,0,0
458356	0,0,0,0,0,0,0,0,0,0,0,0,0,0,0,0,0,0,0,0,0
460083	1,1,1,0,0,0,0,0,0,0,0,0,0,0,0,0,0,0,0,0,0
460281	1,0,1,0,0,0,0,0,0,0,0,0,0,0,0,0,0,0,0,0,0
464241	0,0,0,0,0,0,0,0,0,0,0,0,0,0,0,0,0,0,0,0,0
466320	506,28,103,2,8,14,64,11,44,11,41,58,125,19,69,7,18,2,5,13,29
475582	510,35,116,3,11,12,48,20,53,10,22,34,92,41,115,14,47,3,3,2,3
522057	2,0,0,0,0,0,0,0,0,0,0,0,2,0,0,0,0,0,0,0,0
113232	718,56,168,8,16,20,63,20,68,10,29,61,153,67,168,11,30,1,7,3,16
150439	529,30,103,6,12,25,50,19,58,5,12,42,117,15,74,13,38,2,5,24,60
340393	465,30,97,2,4,11,40,17,58,0,13,35,108,22,68,9,31,4,8,15,38
400134	507,35,101,8,16,11,41,25,75,4,16,36,118,27,84,7,30,3,5,7,21
407812	676,73,175,6,21,18,40,14,42,17,41,56,135,65,154,20,42,3,7,7,19
408307	666,63,137,1,11,18,97,27,76,5,19,50,139,33,94,5,27,1,11,14,55
425489	513,40,123,8,21,10,42,10,34,4,24,31,116,32,96,13,41,0,3,7,13
425533	41,5,19,1,2,1,5,0,0,1,1,5,12,1,1,0,0,0,0,1,1
425632	17,4,7,0,1,0,0,0,0,0,0,0,1,0,2,0,0,0,1,1,5
430681	69,6,20,0,2,0,2,2,4,0,1,9,29,1,4,0,2,1,3,1,2
430906	159,11,42,1,3,4,11,2,9,5,11,10,29,10,28,2,6,0,2,4,18
434498	48,7,21,0,0,0,2,0,1,0,0,3,16,3,4,0,3,0,0,1,1
434641	1,0,0,0,0,0,0,0,0,0,0,0,1,0,0,0,0,0,0,0,0
446224	2,0,1,0,0,0,0,0,0,0,0,0,0,0,1,0,0,0,0,0,0
446422	5,2,3,0,0,0,0,0,0,0,0,2,2,0,0,0,0,0,0,0,0
456124	6,1,4,0,0,0,0,0,0,0,0,2,2,0,0,0,0,0,0,0,0
459446	0,0,0,0,0,0,0,0,0,0,0,0,0,0,0,0,0,0,0,0,0
459941	204,17,42,1,2,3,6,10,28,2,10,18,47,10,32,1,10,2,5,1,22
464341	178,15,58,2,4,3,14,7,14,2,4,11,38,8,27,1,13,1,4,0,2
506867	1,0,0,0,0,0,0,0,0,0,0,0,1,0,0,0,0,0,0,0,0
537953	1,1,1,0,0,0,0,0,0,0,0,0,0,0,0,0,0,0,0,0,0
117842	10,2,3,0,0,0,0,1,2,0,0,0,1,2,4,0,0,0,0,0,0
134320	7,0,0,0,0,1,3,0,0,0,2,2,2,0,0,0,0,0,0,0,0
150061	323,23,62,1,3,19,40,12,40,3,12,29,78,15,44,7,15,2,3,12,26
150160	2,1,2,0,0,0,0,0,0,0,0,0,0,0,0,0,0,0,0,0,0
279564	1,0,1,0,0,0,0,0,0,0,0,0,0,0,0,0,0,0,0,0,0
406878	747,70,176,9,18,14,44,25,64,12,26,56,158,48,128,15,33,5,13,34,87
430583	651,54,126,5,10,12,68,21,60,10,20,57,159,39,120,8,28,1,7,20,53
434598	11,3,6,0,0,0,0,1,2,0,0,1,2,0,1,0,0,0,0,0,0
435038	134,16,41,1,5,3,11,5,10,2,5,10,25,13,29,3,7,1,1,0,0
435731	1,0,1,0,0,0,0,0,0,0,0,0,0,0,0,0,0,0,0,0,0
444443	3,0,1,1,1,0,0,0,0,0,0,0,0,0,1,0,0,0,0,0,0
446225	8,3,4,0,0,0,0,0,0,0,0,0,1,0,0,1,2,0,1,0,0
446621	3,1,1,0,0,0,0,0,0,0,0,1,2,0,0,0,0,0,0,0,0
448656	6,0,0,0,0,0,0,1,6,0,0,0,0,0,0,0,0,0,0,0,0
449448	4,0,3,0,0,0,0,0,0,0,0,0,0,0,0,0,0,0,1,0,0
453056	684,54,150,2,13,30,88,12,55,12,40,53,118,35,114,10,31,2,10,23,65
453353	17,1,1,0,0,0,0,0,0,1,2,0,2,1,5,2,7,0,0,0,0
456422	595,48,150,3,11,22,65,14,49,12,29,30,127,30,101,9,48,3,6,5,9
458501	83,10,29,0,3,2,9,1,2,1,4,6,14,7,16,0,5,0,1,0,0
458952	0,0,0,0,0,0,0,0,0,0,0,0,0,0,0,0,0,0,0,0,0
460580	8,1,3,0,0,0,1,0,0,0,2,0,0,0,2,0,0,0,0,0,0
467763	1,0,0,0,1,0,0,0,0,0,0,0,0,0,0,0,0,0,0,0,0
502501	1,1,1,0,0,0,0,0,0,0,0,0,0,0,0,0,0,0,0,0,0
506912	1,0,1,0,0,0,0,0,0,0,0,0,0,0,0,0,0,0,0,0,0
123387	7,1,1,0,0,0,0,0,0,0,0,0,2,0,3,0,1,0,0,0,0
400136	62,7,24,0,1,0,0,0,2,3,5,3,14,3,11,3,4,0,0,0,1
406428	11,2,10,0,0,0,0,0,0,0,0,0,0,0,1,0,0,0,0,0,0
421124	193,24,46,2,4,5,16,14,22,2,8,19,42,10,21,4,6,1,5,7,23
425634	60,11,23,1,2,2,6,0,3,1,4,3,16,2,2,0,0,0,0,0,4
430584	16,3,9,0,0,0,1,0,0,0,1,1,5,0,0,0,0,0,0,0,0
430683	16,4,5,0,0,0,0,0,0,0,0,0,3,2,7,1,1,0,0,0,0
434643	44,1,5,0,0,1,4,0,6,0,3,1,2,2,13,2,6,0,2,3,3
435039	5,0,1,0,0,0,0,0,0,0,0,0,1,1,3,0,0,0,0,0,0
448602	671,62,162,5,19,13,59,16,44,23,49,39,134,48,134,13,56,0,2,5,12
450285	3,0,0,0,0,0,0,0,0,0,0,0,2,0,1,0,0,0,0,0,0
450681	1,0,1,0,0,0,0,0,0,0,0,0,0,0,0,0,0,0,0,0,0
450780	1,0,0,0,0,0,0,0,0,0,0,0,0,1,1,0,0,0,0,0,0
451176	6,1,2,0,0,0,0,0,0,0,0,1,3,0,0,0,0,1,1,0,0
452067	4,1,1,0,0,0,0,0,0,0,0,1,2,0,1,0,0,0,0,0,0
456027	7,0,1,0,0,0,0,0,0,0,1,0,1,0,4,0,0,0,0,0,0
456577	12,3,8,0,0,0,0,0,0,0,0,1,2,2,2,0,0,0,0,0,0
457468	27,1,5,0,0,1,4,0,0,0,0,3,8,0,3,2,5,0,0,0,2
459943	243,18,56,0,4,4,20,8,31,5,10,17,47,4,32,8,15,1,4,8,24
460086	632,58,145,0,6,21,54,18,57,9,30,51,134,43,93,17,43,3,6,17,64
464244	3,0,0,0,0,0,1,0,1,0,0,0,0,0,1,0,0,0,0,0,0
464299	366,33,100,5,14,9,26,7,26,4,18,22,68,24,82,9,23,1,2,4,7
474892	0,0,0,0,0,0,0,0,0,0,0,0,0,0,0,0,0,0,0,0,0
136500	312,34,101,3,9,9,34,6,18,3,4,26,81,8,30,8,25,1,4,2,6
279566	73,10,25,0,1,1,5,3,5,2,3,3,22,5,9,0,2,0,1,0,0
425833	11,2,3,1,1,0,0,0,0,0,0,0,3,1,1,0,0,0,0,0,3
430585	565,54,133,4,10,19,56,16,56,2,14,39,116,25,67,8,25,5,15,23,73
435238	19,1,5,0,0,2,2,1,2,0,2,1,6,1,2,0,0,0,0,0,0
447767	4,0,3,0,0,0,0,0,0,0,0,1,1,0,0,0,0,0,0,0,0
448306	5,2,4,0,0,0,0,0,0,0,0,0,1,0,0,0,0,0,0,0,0
448801	323,29,85,5,11,6,33,20,45,1,8,22,60,11,43,7,19,0,3,6,16
451573	10,1,2,0,2,0,1,0,0,0,0,2,5,0,0,0,0,0,0,0,0
452013	5,2,3,0,0,0,0,0,0,0,0,0,1,0,1,0,0,0,0,0,0
453256	0,0,0,0,0,0,0,0,0,0,0,0,0,0,0,0,0,0,0,0,0
454994	155,13,41,0,5,1,7,4,12,0,1,12,49,9,22,1,8,1,2,2,8
455687	9,0,5,1,1,0,0,0,0,0,0,0,3,0,0,0,0,0,0,0,0
467567	3,0,0,0,0,0,0,1,2,0,0,0,1,0,0,0,0,0,0,0,0
470482	0,0,0,0,0,0,0,0,0,0,0,0,0,0,0,0,0,0,0,0,0
493351	580,38,115,4,8,25,76,25,54,11,38,33,131,32,83,7,23,3,6,19,46
502206	1,0,1,0,0,0,0,0,0,0,0,0,0,0,0,0,0,0,0,0,0
133982	1,0,1,0,0,0,0,0,0,0,0,0,0,0,0,0,0,0,0,0,0
219194	6,0,1,0,0,0,0,0,0,0,0,0,0,1,5,0,0,0,0,0,0
282905	9,1,3,0,0,0,0,0,1,0,0,3,5,0,0,0,0,0,0,0,0
425834	830,62,178,4,14,34,106,40,93,11,30,72,170,52,125,14,34,3,9,30,71
435338	389,27,93,2,4,19,37,10,29,0,11,16,65,29,88,10,42,4,8,4,12
444446	25,1,2,0,0,0,3,0,0,0,0,4,6,7,11,1,3,0,0,0,0
445139	2,0,2,0,0,0,0,0,0,0,0,0,0,0,0,0,0,0,0,0,0
446624	1,0,0,0,0,0,0,0,0,0,0,0,0,1,1,0,0,0,0,0,0
448802	3,0,0,1,1,0,0,0,0,0,0,0,0,1,2,0,0,0,0,0,0
449072	7,0,2,1,2,0,1,0,0,0,0,0,0,0,0,1,2,0,0,0,0
452762	10,1,7,0,0,0,0,0,0,0,0,1,3,0,0,0,0,0,0,0,0
453400	1,0,1,0,0,0,0,0,0,0,0,0,0,0,0,0,0,0,0,0,0
459945	3,0,1,0,0,0,0,0,0,0,0,1,1,0,0,0,0,1,1,0,0
469845	1,1,1,0,0,0,0,0,0,0,0,0,0,0,0,0,0,0,0,0,0
474443	21,2,9,0,0,0,0,0,0,0,0,4,10,1,2,0,0,0,0,0,0
488754	5,1,2,0,0,0,0,0,0,0,0,1,1,1,2,0,0,0,0,0,0
501910	0,0,0,0,0,0,0,0,0,0,0,0,0,0,0,0,0,0,0,0,0
111851	809,52,153,2,8,36,122,27,88,24,56,48,160,44,118,14,40,2,7,22,57
136304	4,0,0,0,0,1,4,0,0,0,0,0,0,0,0,0,0,0,0,0,0
136601	14,5,10,0,1,0,0,0,0,0,0,1,2,1,1,0,0,0,0,0,0
279568	1,0,0,0,0,0,0,1,1,0,0,0,0,0,0,0,0,0,0,0,0
430587	1,0,0,0,0,0,0,0,0,0,0,1,1,0,0,0,0,0,0,0,0
430631	100,10,31,1,3,1,11,2,7,4,6,8,19,8,20,0,3,0,0,0,0
430686	28,6,15,2,3,1,2,0,0,1,2,2,4,1,2,0,0,0,0,0,0
439849	3,0,1,0,0,0,0,0,0,0,0,0,0,1,2,0,0,0,0,0,0
444348	1,0,0,0,1,0,0,0,0,0,0,0,0,0,0,0,0,0,0,0,0
444843	707,61,170,7,15,31,72,17,48,17,53,56,146,66,146,12,32,2,8,7,17
448281	3,0,1,0,0,0,0,0,0,0,0,1,2,0,0,0,0,0,0,0,0
448605	91,7,25,0,3,0,0,0,0,0,4,3,30,5,18,2,3,0,1,4,7
449172	18,1,8,0,0,0,0,1,1,0,0,4,7,0,2,0,0,0,0,0,0
453258	1,1,1,0,0,0,0,0,0,0,0,0,0,0,0,0,0,0,0,0,0
455986	14,2,2,1,1,1,3,0,0,0,0,1,6,0,1,0,1,0,0,0,0
457119	1,0,1,0,0,0,0,0,0,0,0,0,0,0,0,0,0,0,0,0,0
461871	20,4,12,0,0,0,0,0,0,0,1,2,4,0,0,0,1,0,2,0,0
462564	694,65,165,4,10,22,84,15,42,6,28,53,151,41,118,28,71,6,11,4,14
502307	0,0,0,0,0,0,0,0,0,0,0,0,0,0,0,0,0,0,0,0,0
119827	1,0,0,0,0,0,0,0,0,0,1,0,0,0,0,0,0,0,0,0,0
136602	60,1,5,0,0,1,7,0,2,1,6,5,13,2,15,2,11,0,0,0,1
150011	1,0,0,0,0,0,0,0,0,0,0,0,1,0,0,0,0,0,0,0,0
276346	462,34,99,2,8,17,42,12,28,8,24,40,136,27,62,3,12,3,8,9,43
407296	91,7,15,0,1,5,18,2,5,4,8,6,14,6,19,2,11,0,0,0,0
425539	16,1,5,0,0,0,1,1,1,0,0,1,5,2,3,0,0,0,0,1,1
430588	1,0,0,0,0,0,0,0,0,0,0,0,0,0,0,0,1,0,0,0,0
430632	430,41,109,0,5,6,24,10,29,8,16,39,112,25,68,7,17,2,9,13,41
433657	72,3,13,0,0,2,9,2,7,6,16,2,10,1,10,0,5,0,0,0,2
440785	4,1,4,0,0,0,0,0,0,0,0,0,0,0,0,0,0,0,0,0,0
444448	134,13,40,0,1,1,12,4,10,3,9,4,22,6,29,2,11,0,0,0,0
444844	11,0,4,0,0,1,3,0,0,0,0,0,2,0,2,0,0,0,0,0,0
445933	166,19,36,1,2,5,23,5,18,0,10,13,35,7,21,3,11,0,0,2,10
445988	308,31,78,4,10,9,30,5,11,7,13,28,79,22,54,12,24,1,6,2,3
446428	6,0,2,0,1,0,0,0,0,0,0,0,0,0,0,2,3,0,0,0,0
458902	1,0,1,0,0,0,0,0,0,0,0,0,0,0,0,0,0,0,0,0,0
468406	76,12,29,0,1,1,5,0,7,0,0,8,15,3,16,1,3,0,0,0,0
493101	0,0,0,0,0,0,0,0,0,0,0,0,0,0,0,0,0,0,0,0,0
502380	1,0,1,0,0,0,0,0,0,0,0,0,0,0,0,0,0,0,0,0,0
506917	3,0,1,0,0,0,2,0,0,0,0,0,0,0,0,0,0,0,0,0,0
116380	766,67,176,5,14,34,104,32,95,20,52,58,156,38,82,10,25,6,17,14,45
122644	409,29,84,3,6,19,63,20,50,0,6,43,97,15,55,4,15,3,7,7,26
123689	32,6,13,0,0,0,0,2,4,0,5,3,9,0,1,0,0,0,0,0,0
276347	29,7,16,1,1,0,0,0,2,0,0,0,3,3,4,3,3,0,0,0,0
276545	771,55,150,8,23,33,93,34,84,12,33,57,178,46,119,14,39,1,7,20,45
407297	0,0,0,0,0,0,0,0,0,0,0,0,0,0,0,0,0,0,0,0,0
407792	375,45,119,2,9,9,30,9,25,2,11,24,79,20,57,5,27,2,6,3,12
407891	171,15,46,3,3,6,12,5,19,5,17,14,39,8,18,0,0,0,0,6,17
408232	29,5,15,0,0,1,4,0,1,0,0,1,7,0,0,1,2,0,0,0,0
430589	2,0,1,0,0,0,0,0,0,0,0,0,1,0,0,0,0,0,0,0,0
430831	13,1,2,1,1,0,1,0,0,0,2,1,2,1,3,1,2,0,0,0,0
430930	585,40,140,6,18,15,50,12,38,6,17,47,125,55,133,17,48,1,5,8,11
435539	42,3,8,1,3,1,5,3,7,0,3,2,5,2,8,1,1,0,0,0,2
435638	1,0,0,0,0,0,1,0,0,0,0,0,0,0,0,0,0,0,0,0,0
443558	163,20,50,3,7,5,16,7,22,1,3,14,34,10,21,2,3,1,3,0,4
445060	77,2,12,0,0,4,10,1,9,1,4,2,5,6,19,3,14,1,1,1,3
449471	19,2,4,1,2,0,2,0,0,1,3,1,8,0,0,0,0,0,0,0,0
451621	2,0,2,0,0,0,0,0,0,0,0,0,0,0,0,0,0,0,0,0,0
452215	26,2,7,0,0,2,4,1,2,0,0,3,9,0,4,0,0,0,0,0,0
452765	1,0,0,0,1,0,0,0,0,0,0,0,0,0,0,0,0,0,0,0,0
454998	1,0,0,0,0,0,0,0,0,0,0,1,1,0,0,0,0,0,0,0,0
457517	1,0,0,1,1,0,0,0,0,0,0,0,0,0,0,0,0,0,0,0,0
459371	10,0,0,0,0,0,0,0,0,1,3,0,3,0,1,0,0,0,0,0,3
462412	1,0,0,0,0,0,0,0,0,0,0,1,1,0,0,0,0,0,0,0,0
501814	159,14,52,1,5,3,12,2,16,1,3,10,30,9,30,5,11,0,0,0,0
519068	0,0,0,0,0,0,0,0,0,0,0,0,0,0,0,0,0,0,0,0,0
520976	2,0,2,0,0,0,0,0,0,0,0,0,0,0,0,0,0,0,0,0,0
113889	393,37,101,4,9,22,59,8,40,2,18,32,82,12,40,12,41,0,0,1,3
121358	480,39,102,2,10,9,45,10,42,6,21,47,115,34,92,6,17,4,10,6,26
121556	23,1,6,0,0,2,6,0,1,1,4,0,1,0,3,0,2,0,0,0,0
136901	3,0,0,0,0,0,0,0,0,0,0,0,2,0,1,0,0,0,0,0,0
150211	1,0,0,0,0,0,0,0,0,0,0,1,1,0,0,0,0,0,0,0,0
282332	59,3,15,1,2,3,8,1,2,3,11,2,12,1,5,0,2,0,2,0,0
406550	139,13,43,0,5,4,10,6,17,4,11,9,31,7,14,0,0,1,2,2,6
407397	280,22,60,1,2,2,8,11,25,9,29,26,82,6,24,3,7,1,3,11,40
407496	396,34,106,6,17,14,48,19,44,6,11,43,95,19,45,9,17,2,3,5,10
407793	6,0,0,0,0,0,0,0,0,0,0,0,0,0,3,0,3,0,0,0,0
430634	3,0,0,0,0,0,1,0,0,0,0,0,0,1,1,0,1,0,0,0,0
430832	475,48,138,6,11,15,44,5,19,7,17,30,89,22,82,14,29,3,10,11,36
430931	143,15,50,2,4,1,11,5,9,5,8,10,33,3,18,0,0,0,0,2,10
435062	446,30,84,3,10,7,34,16,41,7,24,36,101,32,87,11,26,1,4,14,35
447816	1,0,0,0,0,0,0,0,0,0,0,0,1,0,0,0,0,0,0,0,0
450236	2,1,2,0,0,0,0,0,0,0,0,0,0,0,0,0,0,0,0,0,0
453954	4,0,3,0,0,0,0,0,0,0,0,0,1,0,0,0,0,0,0,0,0
456050	6,0,2,0,1,0,0,0,0,0,0,0,2,0,1,0,0,0,0,0,0
458085	4,1,4,0,0,0,0,0,0,0,0,0,0,0,0,0,0,0,0,0,0
461874	9,3,7,0,1,0,0,0,0,0,0,0,0,0,1,0,0,0,0,0,0
462413	57,6,21,0,1,2,6,1,3,0,3,6,17,2,4,0,0,0,0,1,2
488857	4,2,4,0,0,0,0,0,0,0,0,0,0,0,0,0,0,0,0,0,0
502409	1,1,1,0,0,0,0,0,0,0,0,0,0,0,0,0,0,0,0,0,0
502580	2,0,2,0,0,0,0,0,0,0,0,0,0,0,0,0,0,0,0,0,0
503570	2,0,0,0,0,0,0,0,0,0,0,0,2,0,0,0,0,0,0,0,0
116706	577,64,139,7,15,29,61,23,40,17,34,49,115,52,106,26,56,1,2,7,9
119154	8,0,3,0,0,1,2,0,0,0,0,1,1,1,2,0,0,0,0,0,0
150212	336,34,77,2,9,11,33,8,42,6,12,23,74,10,32,2,9,2,7,16,41
276547	153,10,34,1,5,11,21,2,9,3,10,13,37,2,11,5,13,0,2,2,11
279913	432,25,103,4,10,10,38,8,34,8,31,28,79,24,82,6,34,1,3,2,18
284566	36,0,1,0,0,1,7,0,0,1,4,3,7,6,12,3,5,0,0,0,0
400061	77,1,11,0,1,3,11,5,13,2,8,7,21,1,6,1,6,0,0,0,0
407893	753,78,168,4,19,23,70,41,84,18,45,65,155,48,115,16,38,4,9,19,50
408036	237,13,48,1,3,5,21,5,19,4,17,14,52,19,50,3,18,3,6,1,3
408234	750,54,152,2,9,26,57,16,54,16,43,70,196,53,135,12,28,1,6,21,70
435063	326,30,68,3,7,6,28,18,39,3,6,35,83,10,30,8,26,0,3,13,36
452668	377,50,110,0,5,17,37,9,37,8,21,25,75,28,71,5,14,0,1,4,6
453900	7,0,2,0,0,0,1,0,0,3,3,0,1,0,0,0,0,0,0,0,0
461325	1,0,0,0,0,1,1,0,0,0,0,0,0,0,0,0,0,0,0,0,0
462810	27,6,19,0,0,0,0,1,1,0,0,2,6,1,1,0,0,0,0,0,0
502383	1,0,0,0,0,0,0,0,0,0,0,1,1,0,0,0,0,0,0,0,0
150114	0,0,0,0,0,0,0,0,0,0,0,0,0,0,0,0,0,0,0,0,0
150268	630,64,164,4,10,30,100,12,33,4,21,37,120,35,127,9,26,3,11,6,18
150367	148,12,45,1,3,6,17,0,10,8,10,12,39,5,17,2,4,0,2,0,1
150411	396,31,78,7,11,15,39,6,29,5,11,23,95,35,96,6,20,1,4,6,13
333292	377,32,84,3,10,17,47,7,23,4,12,22,81,24,67,8,30,0,1,6,22
400062	66,6,10,0,1,6,14,5,11,0,2,3,8,5,15,2,3,0,0,0,2
407399	14,1,8,0,0,0,1,0,0,0,0,0,3,0,2,0,0,0,0,0,0
408235	2,0,1,0,0,0,0,1,1,0,0,0,0,0,0,0,0,0,0,0,0
425560	596,64,157,3,11,23,71,9,35,9,29,31,94,41,124,16,48,3,5,11,22
430636	60,2,10,0,0,2,14,6,12,1,2,1,4,3,12,2,6,0,0,0,0
435064	25,2,11,1,2,1,3,0,2,0,0,2,6,0,0,0,1,0,0,0,0
445162	3,1,2,0,0,0,0,0,0,0,0,1,1,0,0,0,0,0,0,0,0
452768	1,0,1,0,0,0,0,0,0,0,0,0,0,0,0,0,0,0,0,0,0
453181	14,2,7,1,2,0,2,0,1,0,0,1,2,0,0,0,0,0,0,0,0
453857	2,1,2,0,0,0,0,0,0,0,0,0,0,0,0,0,0,0,0,0,0
456629	1,1,1,0,0,0,0,0,0,0,0,0,0,0,0,0,0,0,0,0,0
457042	1,0,1,0,0,0,0,0,0,0,0,0,0,0,0,0,0,0,0,0,0
457493	179,13,38,0,0,1,5,2,15,2,4,18,54,9,32,4,9,0,2,8,20
458582	42,7,19,0,0,1,2,0,3,1,2,3,10,0,1,0,2,0,1,0,2
488903	1,0,1,0,0,0,0,0,0,0,0,0,0,0,0,0,0,0,0,0,0
502230	2,0,1,0,0,0,0,0,0,0,0,0,1,0,0,0,0,0,0,0,0
502384	1,1,1,0,0,0,0,0,0,0,0,0,0,0,0,0,0,0,0,0,0
519412	1,0,0,0,0,0,0,0,0,0,0,0,0,0,1,0,0,0,0,0,0
115817	22,1,4,0,0,0,1,0,0,0,0,6,7,1,10,0,0,0,0,0,0
234194	10,2,2,0,0,0,3,0,1,0,0,1,1,0,1,0,1,0,0,0,1
407840	58,1,2,0,0,1,5,1,2,1,9,4,8,10,22,3,8,0,0,2,2
408038	2,0,1,0,0,0,0,0,0,0,0,0,0,0,1,0,0,0,0,0,0
408236	752,57,156,5,11,26,74,19,49,10,32,51,155,64,165,33,72,6,11,10,27
430637	663,65,160,8,17,25,82,13,37,4,19,47,139,56,140,15,53,0,3,5,13
435065	182,26,58,1,3,7,11,7,14,2,6,16,44,4,15,5,16,0,1,4,14
435263	610,44,134,2,15,30,79,18,43,11,27,50,124,52,117,17,54,2,4,4,13
435560	255,24,74,2,9,7,16,2,14,2,10,19,47,21,55,6,19,0,4,2,7
444371	18,1,2,0,0,0,4,0,0,1,2,2,3,0,3,2,4,0,0,0,0
446928	401,34,90,4,7,25,53,20,47,1,6,32,81,20,61,4,13,2,5,7,38
452769	5,0,3,0,0,0,0,1,1,0,0,1,1,0,0,0,0,0,0,0,0
453281	10,3,3,0,0,0,0,0,0,0,0,1,2,0,1,1,4,0,0,0,0
457098	1,1,1,0,0,0,0,0,0,0,0,0,0,0,0,0,0,0,0,0,0
458709	57,0,5,0,0,1,8,3,5,2,2,0,8,4,23,1,6,0,0,0,0
491676	4,0,2,0,0,0,0,0,0,0,0,1,1,0,0,0,0,1,1,0,0
501197	1,0,1,0,0,0,0,0,0,0,0,0,0,0,0,0,0,0,0,0,0
117276	525,42,116,4,13,27,69,12,29,8,20,29,100,30,107,8,35,2,7,8,29
120416	51,7,22,1,2,1,5,0,1,0,0,5,10,4,6,1,4,0,0,0,1
131702	82,6,11,0,1,8,24,5,9,0,6,4,8,7,13,0,3,1,1,4,6
133160	734,64,163,8,23,11,42,27,60,16,40,57,151,69,173,18,55,2,3,8,24
136608	8,1,3,0,1,0,0,0,0,0,0,0,3,0,0,0,0,0,1,0,0
150116	69,2,6,0,1,4,12,0,3,3,6,3,16,5,16,0,7,0,0,1,2
207267	38,2,6,0,0,0,1,1,6,5,11,4,6,2,3,0,3,0,0,0,2
333492	690,69,164,7,16,17,53,20,52,10,22,48,156,35,108,15,29,4,10,27,80
406301	2,0,0,0,1,0,1,0,0,0,0,0,0,0,0,0,0,0,0,0,0
407797	19,2,8,1,2,0,0,0,0,0,0,2,7,1,2,0,0,0,0,0,0
408039	136,20,53,2,2,0,5,1,10,1,10,10,28,10,18,3,7,0,2,0,1
425661	163,19,59,1,2,6,16,5,13,1,2,9,36,5,22,1,10,0,3,0,0
429720	59,0,2,0,0,2,4,1,8,2,4,1,12,6,17,3,8,1,2,0,2
430935	131,4,11,0,0,2,50,4,10,2,6,10,24,4,26,2,4,0,0,0,0
431150	10,1,6,1,1,0,0,0,0,0,0,0,2,0,0,0,0,1,1,0,0
433581	17,2,4,0,0,1,1,0,3,0,0,4,5,1,4,0,0,0,0,0,0
434670	763,72,173,7,18,37,88,22,53,13,35,72,157,55,135,28,79,2,6,6,19
445010	93,14,36,0,3,0,1,1,5,3,3,6,22,2,11,1,4,2,2,1,6
445164	3,0,1,0,0,0,0,1,1,0,0,1,1,0,0,0,0,0,0,0,0
446550	1,0,0,0,0,0,0,0,0,0,0,0,0,0,0,0,1,0,0,0,0
457918	9,0,3,0,0,0,1,0,0,0,0,1,1,1,4,0,0,0,0,0,0
459376	4,0,2,0,0,0,0,0,0,0,2,0,0,0,0,0,0,0,0,0,0
473208	1,0,0,0,0,0,0,0,0,0,0,0,0,0,0,0,0,0,1,0,0
501440	5,0,0,0,1,0,0,0,0,0,0,0,2,1,2,0,0,0,0,0,0
502034	292,23,69,3,7,5,20,8,18,8,20,30,71,20,63,6,14,1,1,2,9
502089	12,2,3,0,0,0,0,0,0,0,0,3,6,0,0,2,2,0,1,0,0
502133	1,0,0,0,1,0,0,0,0,0,0,0,0,0,0,0,0,0,0,0,0
502188	1,0,0,0,0,0,0,0,0,0,0,0,1,0,0,0,0,0,0,0,0
518479	0,0,0,0,0,0,0,0,0,0,0,0,0,0,0,0,0,0,0,0,0
136780	515,41,115,2,11,21,71,16,48,7,25,33,89,31,86,8,22,2,4,20,44
150090	31,2,10,1,1,1,2,1,2,0,0,3,7,1,6,2,3,0,0,0,0
150469	2,0,0,0,0,0,0,0,0,0,0,0,0,0,0,0,2,0,0,0,0
239795	12,0,5,0,0,0,1,1,1,2,3,0,0,0,1,0,1,0,0,0,0
400010	1,0,1,0,0,0,0,0,0,0,0,0,0,0,0,0,0,0,0,0,0
407798	169,21,63,2,2,2,7,7,15,1,1,13,30,16,33,4,16,0,1,0,1
408238	1,0,1,0,0,0,0,0,0,0,0,0,0,0,0,0,0,0,0,0,0
431151	801,61,158,9,23,28,68,21,72,16,33,87,187,81,199,12,34,4,9,7,18
433582	666,57,149,7,18,16,45,24,47,22,52,55,153,49,140,23,52,2,2,6,8
434671	19,1,2,0,0,0,3,1,2,0,2,0,5,0,5,0,0,0,0,0,0
435562	2,1,1,0,1,0,0,0,0,0,0,0,0,0,0,0,0,0,0,0,0
446001	5,1,2,0,0,0,0,0,0,0,0,0,2,0,1,0,0,0,0,0,0
452095	10,3,6,0,0,0,0,0,1,0,0,0,0,0,2,0,0,0,1,0,0
457991	1,0,1,0,0,0,0,0,0,0,0,0,0,0,0,0,0,0,0,0,0
459322	0,0,0,0,0,0,0,0,0,0,0,0,0,0,0,0,0,0,0,0,0
472093	1,0,0,0,0,0,0,0,1,0,0,0,0,0,0,0,0,0,0,0,0
111904	563,48,117,6,14,15,46,13,37,27,71,30,110,41,122,12,30,3,5,4,11
112020	5,0,0,0,0,0,0,0,0,0,2,0,0,0,3,0,0,0,0,0,0
136880	4,0,1,0,0,0,0,0,0,0,3,0,0,0,0,0,0,0,0,0,0
150019	1,0,0,0,0,0,0,0,0,0,0,0,0,0,1,0,0,0,0,0,0
150217	671,58,168,4,15,26,70,27,75,14,35,43,113,47,139,15,45,0,4,0,7
150415	370,30,87,2,8,19,64,8,43,3,10,27,80,20,48,4,9,2,5,7,16
276371	84,3,11,0,0,7,22,0,6,0,2,2,20,4,18,0,3,0,0,0,2
425564	1,0,0,0,0,0,0,0,0,0,0,0,1,0,0,0,0,0,0,0,0
425861	1,1,1,0,0,0,0,0,0,0,0,0,0,0,0,0,0,0,0,0,0
429722	8,0,1,0,0,0,2,0,0,0,1,0,4,0,0,0,0,0,0,0,0
430838	591,47,136,4,14,15,31,11,46,9,39,46,128,49,138,6,27,3,4,12,28
452096	0,0,0,0,0,0,0,0,0,0,0,0,0,0,0,0,0,0,0,0,0
452717	1,0,1,0,0,0,0,0,0,0,0,0,0,0,0,0,0,0,0,0,0
457794	0,0,0,0,0,0,0,0,0,0,0,0,0,0,0,0,0,0,0,0,0
458036	64,4,17,0,1,1,2,1,4,2,8,5,20,2,5,1,2,0,2,1,3
458586	1,0,0,0,0,0,0,0,0,0,0,0,1,0,0,0,0,0,0,0,0
459323	1,0,1,0,0,0,0,0,0,0,0,0,0,0,0,0,0,0,0,0,0
459774	1,0,1,0,0,0,0,0,0,0,0,0,0,0,0,0,0,0,0,0,0
460060	119,11,28,0,0,1,5,5,15,1,4,13,35,5,17,3,4,1,1,4,10
467793	0,0,0,0,0,0,0,0,0,0,0,0,0,0,0,0,0,0,0,0,0
468981	3,1,2,0,1,0,0,0,0,0,0,0,0,0,0,0,0,0,0,0,0
502135	2,0,1,0,0,0,0,0,0,0,0,0,0,0,1,0,0,0,0,0,0
503576	2,0,1,0,0,0,0,0,0,0,0,0,0,0,0,0,0,0,1,0,0
113660	476,49,114,4,13,17,46,11,29,10,26,46,107,29,85,15,39,1,3,7,14
119853	262,43,96,5,12,5,22,5,18,7,12,22,51,8,31,4,12,1,5,1,3
121409	502,35,107,2,4,29,71,21,53,10,35,39,93,30,80,3,11,1,6,11,42
150218	185,14,44,1,5,5,19,5,19,1,6,12,42,8,29,1,8,0,3,2,10
150317	424,28,86,1,7,22,63,17,47,9,29,21,82,22,68,6,19,1,3,5,20
150416	61,2,11,0,1,0,8,1,5,3,12,5,11,3,5,2,5,0,1,2,2
276372	273,31,103,0,3,7,27,3,9,1,6,21,56,11,37,7,26,0,0,2,6
400067	7,0,1,0,0,0,3,0,1,0,0,0,0,0,2,0,0,0,0,0,0
425565	180,15,42,1,13,6,18,2,7,1,3,7,32,7,36,7,11,0,2,5,16
425664	818,55,158,7,18,47,130,16,45,10,23,65,172,62,194,12,48,4,11,10,19
429723	1,0,0,0,0,0,0,0,0,0,0,1,1,0,0,0,0,0,0,0,0
433584	3,0,0,0,0,0,3,0,0,0,0,0,0,0,0,0,0,0,0,0,0
446201	0,0,0,0,0,0,0,0,0,0,0,0,0,0,0,0,0,0,0,0,0
446454	7,0,0,0,0,0,0,0,0,0,0,0,0,2,3,0,2,0,0,0,2
448236	1,0,0,0,0,0,0,0,0,0,0,0,0,0,0,0,0,0,0,0,1
449776	20,3,8,0,2,0,0,0,0,1,1,0,6,2,2,0,0,0,0,1,1
450260	715,47,150,4,12,15,64,22,51,9,33,47,148,55,158,23,68,2,10,4,21
451629	52,3,16,0,0,0,0,0,3,6,17,4,6,2,4,0,5,0,1,0,0
452718	64,3,13,0,0,0,5,3,5,0,1,2,9,6,24,0,4,0,0,1,3
453230	3,0,0,0,0,0,0,0,0,0,0,1,3,0,0,0,0,0,0,0,0
457542	2,1,2,0,0,0,0,0,0,0,0,0,0,0,0,0,0,0,0,0,0
459423	58,8,25,2,3,0,5,0,1,0,4,4,10,1,7,1,3,0,0,0,0
477595	1,0,0,0,0,0,0,0,1,0,0,0,0,0,0,0,0,0,0,0,0
500200	1,0,1,0,0,0,0,0,0,0,0,0,0,0,0,0,0,0,0,0,0
503577	2,0,1,0,0,0,0,1,1,0,0,0,0,0,0,0,0,0,0,0,0
518823	0,0,0,0,0,0,0,0,0,0,0,0,0,0,0,0,0,0,0,0,0
112077	97,14,32,1,3,0,6,3,5,2,2,7,23,6,17,0,5,1,4,0,0
115399	31,4,5,0,0,3,10,0,1,0,0,1,6,4,9,0,0,0,0,0,0
119403	7,1,3,0,0,0,0,0,0,0,0,0,1,1,3,0,0,0,0,0,0
123660	544,43,120,1,7,26,77,18,49,8,20,30,112,27,87,6,22,0,3,12,47
150093	572,52,130,4,15,17,65,13,39,23,50,38,105,34,109,13,43,4,6,0,10
324432	308,26,81,4,9,8,21,3,13,6,18,31,83,17,47,9,21,2,7,3,8
425511	2,0,0,0,0,0,0,0,0,0,0,1,1,0,1,0,0,0,0,0,0
425863	21,1,9,0,2,0,0,0,0,0,0,2,4,0,2,3,3,0,1,0,0
429724	7,1,4,0,0,0,0,0,1,0,0,0,0,0,2,0,0,0,0,0,0
433585	51,3,5,0,0,0,3,2,9,0,4,3,6,5,17,1,2,0,1,1,4
440361	95,8,22,0,0,6,16,2,6,5,10,6,21,3,14,1,1,0,0,1,5
443908	16,0,9,1,1,0,2,0,0,0,0,3,4,0,0,0,0,0,0,0,0
444970	10,0,1,1,2,0,0,0,2,0,0,1,2,1,1,1,2,0,0,0,0
446653	5,1,2,0,0,0,0,0,0,0,0,2,3,0,0,0,0,0,0,0,0
449777	1,0,1,0,0,0,0,0,0,0,0,0,0,0,0,0,0,0,0,0,0
452241	6,1,2,0,0,0,0,0,0,1,3,0,0,0,0,0,1,0,0,0,0
453286	16,0,3,0,0,0,2,1,3,0,2,0,0,1,4,0,2,0,0,0,0
454573	4,1,2,0,0,0,0,0,1,0,0,0,0,1,1,0,0,0,0,0,0
455167	101,4,22,2,4,3,11,6,13,3,14,7,20,5,15,0,0,0,1,0,1
457796	5,0,0,0,0,0,0,0,0,0,0,0,0,2,4,0,0,1,1,0,0
458236	3,0,2,0,0,0,0,0,0,0,0,0,1,0,0,0,0,0,0,0,0
458731	170,12,38,1,5,7,21,4,15,1,1,20,46,3,28,0,0,4,6,5,10
461250	3,2,2,0,0,0,0,0,0,0,0,0,1,0,0,0,0,0,0,0,0
469775	2,0,1,0,0,0,0,0,0,0,0,0,1,0,0,0,0,0,0,0,0
501895	3,0,0,0,0,0,0,0,0,0,0,0,3,0,0,0,0,0,0,0,0
518725	2,0,1,0,0,0,0,0,0,0,0,0,1,0,0,0,0,0,0,0,0
