120691	548,203,548
150319	12,4,12
424324	58,16,58
425468	5,1,5
425567	672,208,672
425864	2,0,2
434378	6,3,6
445169	186,58,186
448337	1,0,1
449822	1,0,1
455113	15,4,15
458589	0,0,0
459425	19,3,19
459920	3,1,3
460261	38,14,38
469721	96,25,96
491627	3,0,3
493184	6,2,6
493283	0,0,0
501896	74,27,74
502688	2,1,2
132220	3,0,3
134002	51,13,51
150040	210,65,210
285131	439,137,439
400268	19,6,19
424325	189,70,189
425513	6,1,6
425766	761,282,761
425865	0,0,0
433587	7,1,7
444125	59,20,59
448833	9,4,9
449878	6,1,6
452199	0,0,0
455961	12,3,12
458887	14,3,14
462495	1,0,1
467544	2,0,2
488686	12,5,12
489027	0,0,0
501941	39,15,39
502436	1,0,1
518628	0,0,0
519096	0,0,0
542883	2,0,2
572088	3,1,3
112223	191,60,191
120044	554,211,554
136731	6,4,6
276376	628,274,628
425514	1,1,1
431157	82,29,82
434479	1,0,1
434578	2,1,2
434622	86,34,86
444379	7,0,7
446359	13,6,13
450363	0,0,0
453531	328,101,328
456501	63,19,63
456655	548,185,548
458239	22,8,22
467798	22,14,22
472594	4,0,4
502239	5,1,5
534568	3,2,3
116338	593,227,593
276377	22,9,22
276520	80,22,80
407849	414,115,414
425768	4,1,4
425867	260,90,260
431158	130,46,130
433589	29,2,29
434678	5,2,5
444875	99,34,99
445216	12,2,12
445612	0,0,0
452740	3,0,3
455369	179,59,179
456656	2,2,2
457448	5,1,5
490063	3,0,3
519098	2,0,2
519395	1,1,1
122477	16,2,16
123610	35,13,35
276521	3,1,3
400018	460,139,460
400090	56,13,56
425769	147,31,147
430565	610,195,610
430961	2,1,2
431159	373,129,373
434525	72,22,72
434624	302,98,302
434778	731,274,731
444524	1,0,1
444876	170,57,170
446207	34,11,34
456701	46,10,46
457449	3,0,3
457746	1,1,1
460067	249,79,249
460265	2,0,2
465017	2,0,2
470462	6,1,6
473234	13,5,13
475467	2,0,2
488689	1,0,1
493133	43,17,43
493188	2,0,2
501647	2,0,2
514913	20,6,20
549492	1,0,1
110840	2,1,2
150396	530,209,530
400091	671,243,671
430665	2,0,2
434625	57,14,57
435219	350,108,350
435714	3,3,3
451103	7,4,7
454975	36,13,36
455091	2,1,2
458061	15,6,15
476601	1,0,1
488888	0,0,0
499877	54,13,54
500207	0,0,0
511449	3,0,3
519144	5,2,5
519298	3,1,3
524968	5,4,5
529792	1,0,1
534615	2,1,2
112128	161,55,161
116539	833,349,833
132720	156,52,156
217096	70,22,70
217915	1,0,1
400290	257,91,257
408210	847,345,847
424726	700,271,700
424825	292,116,292
425491	361,117,361
430567	27,10,27
430611	535,185,535
430963	1,0,1
434626	37,16,37
445615	1,0,1
446308	420,150,420
451500	11,4,11
453238	14,3,14
455092	5,1,5
456406	23,7,23
460069	6,0,6
460267	55,19,55
462995	22,1,22
465668	28,10,28
473236	5,1,5
474523	2,0,2
485567	1,0,1
493234	0,0,0
502062	0,0,0
502161	10,6,10
506077	1,0,1
519299	1,0,1
534616	2,1,2
123118	2,0,2
150398	492,160,492
275930	629,228,629
400291	1,0,1
405395	789,351,789
408211	55,15,55
408310	1,0,1
434627	0,0,0
445968	3,0,3
446381	8,2,8
447849	5,3,5
450665	13,0,13
451259	25,10,25
452249	61,19,61
454977	6,1,6
465713	2,0,2
468936	2,2,2
502261	1,0,1
516770	0,0,0
518552	2,1,2
543329	2,1,2
407871	361,117,361
408212	374,131,374
408311	11,6,11
430613	4,0,4
430668	511,170,511
430910	210,71,210
430965	243,90,243
434628	61,12,61
435041	472,160,472
435140	3,2,3
445095	9,2,9
445590	23,8,23
446283	6,1,6
446382	15,5,15
446481	66,21,66
448263	0,0,0
450314	663,271,663
452646	1,1,1
460115	7,2,7
460269	150,44,150
461853	4,2,4
470466	2,0,2
489150	1,0,1
493137	2,0,2
493236	2,0,2
502262	10,3,10
506673	38,14,38
518454	2,1,2
519048	1,1,1
534591	0,0,0
117928	239,80,239
134181	518,163,518
204020	618,253,618
277417	5,1,5
408213	561,164,561
408312	554,170,554
430669	37,12,37
435042	293,102,293
435619	17,4,17
445195	47,11,47
450315	122,36,122
451080	0,0,0
451107	1,1,1
455095	1,0,1
456030	781,297,781
456481	12,3,12
466480	7,2,7
476704	144,44,144
492841	3,2,3
519445	7,3,7
520209	1,1,1
121834	7,2,7
150148	483,133,483
206551	521,175,521
275933	1,0,1
400140	105,32,105
407576	156,52,156
429400	9,1,9
430912	80,25,80
435043	80,32,80
445196	294,101,294
450217	3,3,3
451207	10,5,10
453539	137,53,137
456031	1,0,1
460612	1,0,1
466283	4,1,4
488838	0,0,0
489251	1,0,1
499926	5,1,5
502165	3,0,3
506873	1,0,1
114031	23,5,23
136460	463,142,463
213680	1,1,1
282567	1,1,1
408314	217,73,217
425496	662,222,662
435044	6,0,6
446132	3,0,3
450317	7,2,7
451082	1,0,1
451109	26,12,26
458210	324,103,324
465041	111,41,111
471107	24,8,24
475392	1,0,1
502166	3,0,3
502210	83,24,83
502265	30,9,30
506874	3,1,3
519447	3,1,3
113240	99,30,99
123041	308,111,308
136263	3,0,3
150249	2,0,2
150348	202,56,202
279571	5,1,5
400098	430,155,430
425794	104,24,104
435045	4,1,4
435298	6,1,6
444351	31,11,31
446386	2,1,2
448762	3,1,3
450192	42,17,42
451506	0,0,0
451803	7,4,7
456781	2,0,2
490314	4,0,4
502167	1,0,1
505830	1,0,1
518557	3,1,3
518700	1,0,1
547960	3,0,3
116662	379,130,379
133140	10,1,10
136660	625,211,625
236155	12,2,12
275936	10,5,10
346793	2,1,2
407777	21,4,21
407876	30,9,30
425542	325,113,325
430041	35,12,35
446233	2,1,2
451705	3,2,3
453064	702,274,702
456034	3,1,3
457420	91,31,91
460093	1,1,1
461858	12,3,12
500908	0,0,0
517810	22,9,22
518558	3,1,3
534596	4,2,4
543451	2,1,2
122251	10,3,10
137002	293,92,293
150070	51,17,51
150449	488,148,488
407822	66,14,66
425543	265,79,265
425796	696,236,696
430592	449,133,449
435498	1,1,1
448269	7,3,7
453362	23,9,23
456035	3,2,3
458015	601,250,601
461859	2,0,2
465819	4,0,4
470516	28,14,28
471083	511,188,511
489156	5,2,5
502213	3,2,3
518900	1,0,1
519071	1,0,1
114909	41,12,41
115223	480,167,480
120074	689,236,689
136860	393,163,393
150071	353,118,353
276351	2,0,2
346795	222,89,222
408219	383,134,383
429801	12,0,12
430593	524,177,524
430917	484,154,484
435598	6,2,6
444453	1,0,1
446334	723,275,723
451482	1,0,1
453264	1,1,1
455596	1,0,1
457422	1,0,1
457477	64,26,64
460590	16,6,16
470490	2,0,2
518505	0,0,0
520980	1,1,1
124288	5,2,5
136267	34,8,34
276055	700,277,700
346796	17,4,17
421684	30,7,30
425446	236,67,236
425545	555,204,555
430594	1,0,1
434158	754,255,754
444355	2,1,2
445246	3,1,3
446335	2,0,2
449080	1,1,1
449107	170,48,170
451186	334,107,334
452121	176,50,176
452220	648,222,648
452671	118,29,118
456488	21,11,21
458567	12,4,12
470392	5,2,5
489004	1,0,1
502017	4,1,4
502314	4,2,4
518407	0,0,0
534599	3,1,3
542761	0,0,0
117601	669,269,669
136664	49,11,49
232694	650,241,650
276056	1,1,1
407924	2,1,2
421685	58,16,58
434159	2,0,2
445599	53,18,53
448767	36,9,36
451088	1,0,1
452221	125,48,125
452672	337,126,337
453068	8,4,8
453211	208,66,208
467676	0,0,0
471905	3,0,3
476036	12,4,12
476883	9,5,9
488862	680,262,680
502117	2,1,2
543257	3,2,3
547910	4,0,4
548180	2,1,2
114588	5,2,5
137006	57,24,57
276354	36,7,36
279577	781,272,781
280061	143,43,143
346798	50,17,50
425547	620,242,620
425646	1,1,1
425844	7,1,7
430640	99,22,99
448614	3,0,3
449082	61,21,61
450819	7,2,7
451188	644,229,644
453311	91,32,91
456589	3,1,3
457524	4,1,4
457821	17,4,17
458668	3,0,3
462375	16,5,16
501920	3,0,3
542862	1,0,1
543104	1,1,1
117955	75,29,75
120221	20,6,20
150020	463,156,463
279578	36,13,36
292294	14,7,14
346799	1,0,1
408042	519,178,519
425548	444,147,444
425647	1,0,1
430641	4,0,4
434601	2,1,2
448769	1,0,1
449803	1,0,1
456535	2,0,2
458713	6,3,6
460044	3,0,3
460099	430,162,430
469207	1,0,1
488666	7,4,7
488710	1,0,1
501976	1,0,1
502317	12,7,12
547912	3,2,3
111213	34,6,34
150021	149,48,149
150472	173,52,173
285068	164,52,164
349193	3,2,3
408241	29,7,29
425549	679,218,679
425747	10,1,10
430598	225,79,225
430642	4,3,4
430840	5,0,5
430895	505,187,505
444557	4,1,4
451531	0,0,0
452224	1,1,1
453269	1,0,1
461882	50,19,50
473663	0,0,0
476633	5,2,5
489080	3,0,3
493364	17,4,17
501922	14,6,14
543304	0,0,0
547913	0,0,0
113898	2,1,2
114789	304,90,304
115229	366,117,366
116615	28,4,28
136767	50,13,50
150275	294,112,294
408242	271,94,271
429708	203,63,203
429780	9,2,9
430599	77,22,77
431138	20,9,20
433217	178,60,178
434658	493,181,493
444107	1,0,1
448590	4,1,4
451532	69,21,69
451587	1,0,1
452225	76,29,76
456438	1,0,1
457428	16,4,16
457725	1,0,1
457824	9,6,9
458913	77,25,77
463610	70,21,70
488811	93,28,93
488965	0,0,0
489405	1,0,1
498568	25,4,25
501879	2,2,2
502517	639,223,639
502715	0,0,0
519023	6,2,6
547914	0,0,0
123744	245,87,245
150221	2,0,2
150375	8,2,8
408045	627,284,627
425848	49,14,49
429781	70,22,70
430897	728,274,728
434604	99,28,99
434659	95,30,95
434703	4,2,4
451687	328,100,328
457726	2,0,2
460047	1,1,1
461235	471,143,471
463017	30,9,30
466988	593,197,593
499856	3,0,3
501726	0,0,0
502194	1,1,1
519222	1,0,1
543108	1,0,1
547915	5,2,5
112107	4,0,4
150178	147,44,147
150277	71,16,71
279824	5,2,5
407155	150,47,150
408299	292,109,292
434605	372,120,372
434704	411,139,411
444857	8,3,8
445270	1,1,1
447827	3,1,3
451138	1,0,1
452678	632,239,632
452722	4,1,4
457727	272,95,272
458690	56,13,56
488912	0,0,0
489209	1,0,1
493114	7,3,7
501826	1,1,1
521428	4,1,4
110029	754,305,754
150322	17,5,17
150421	353,130,353
282597	22,16,22
282993	4,0,4
346848	2,1,2
408047	630,237,630
424805	2,1,2
434705	33,9,33
434958	1,0,1
448692	5,0,5
450545	2,2,2
453218	1,1,1
453317	1,0,1
457926	336,100,336
458619	1,1,1
463019	2,0,2
464900	166,52,166
468915	5,3,5
488715	0,0,0
493214	4,0,4
493511	3,1,3
493665	1,0,1
518531	3,0,3
518586	0,0,0
518784	3,0,3
527045	1,0,1
547890	3,2,3
111867	106,33,106
114260	47,16,47
150224	129,42,129
400073	204,75,204
424284	8,6,8
425472	15,4,15
430647	10,5,10
448242	478,175,478
452724	1,0,1
453192	30,4,30
453318	1,0,1
460699	13,3,13
461788	0,0,0
467827	513,178,513
518532	0,0,0
518686	0,0,0
542968	1,0,1
114739	413,142,413
150324	726,257,726
279827	200,52,200
334393	491,186,491
334492	83,23,83
430945	579,199,579
433591	12,3,12
444481	1,0,1
446560	1,0,1
448694	61,23,61
448793	2,1,2
451537	13,5,13
455371	1,0,1
458693	2,1,2
464281	12,4,12
502143	9,4,9
518984	0,0,0
543706	1,0,1
543904	2,1,2
134260	576,175,576
150479	730,286,730
428642	131,41,131
429731	200,71,200
430649	27,7,27
430946	695,223,695
434582	33,11,33
434681	89,30,89
435220	596,215,596
448145	1,0,1
459431	130,34,130
461834	23,5,23
488817	1,0,1
489186	2,1,2
501929	2,0,2
519128	0,0,0
519425	4,1,4
118377	18,3,18
123173	738,259,738
123272	492,187,492
150029	808,309,808
400021	1,0,1
400076	1,0,1
400120	271,83,271
407556	111,32,111
407853	1,0,1
421064	490,162,490
425772	339,118,339
429985	30,3,30
430947	650,252,650
431162	27,8,27
434583	2,0,2
434682	115,34,115
435078	40,17,40
435221	4,0,4
444384	53,21,53
452150	25,12,25
463040	2,1,2
463590	6,2,6
467055	697,283,697
468892	2,1,2
469134	1,0,1
488818	0,0,0
489231	19,9,19
493191	5,2,5
502145	2,0,2
220194	5,1,5
400121	743,288,743
425773	474,165,474
430948	698,255,698
432928	575,197,575
435079	711,245,711
435178	83,30,83
435222	336,115,336
445276	8,0,8
446211	0,0,0
448147	6,0,6
449786	10,3,10
451639	2,0,2
452052	8,4,8
455077	79,33,79
455374	7,1,7
457453	87,27,87
459334	46,14,46
467100	1,0,1
472528	416,125,416
475174	13,7,13
488792	1,0,1
488819	7,2,7
489232	3,1,3
493219	3,0,3
518734	1,1,1
112131	203,74,203
119215	50,6,50
150229	586,201,586
346871	63,22,63
400023	607,195,607
425477	162,46,162
425774	41,13,41
435179	27,10,27
435520	121,44,121
444430	69,21,69
450172	21,4,21
457454	364,109,364
457850	37,8,37
458895	2,1,2
459434	0,0,0
460072	1,0,1
469686	2,0,2
476011	15,6,15
488694	1,1,1
489189	2,0,2
493193	4,2,4
514973	0,0,0
543232	1,0,1
119469	62,23,62
407801	335,109,335
430571	15,6,15
430670	1,1,1
434630	136,37,136
435279	1,0,1
435620	2,1,2
444882	176,64,176
445971	2,1,2
452252	716,266,716
456762	37,18,37
458643	166,59,166
460370	1,0,1
461360	7,2,7
467003	18,7,18
469137	1,0,1
489135	2,0,2
489432	36,10,36
502698	1,1,1
518538	3,1,3
534576	3,0,3
543035	1,0,1
119811	27,9,27
407901	1,1,1
425226	2,0,2
430671	5,2,5
431166	10,5,10
433597	627,219,627
434884	6,3,6
435522	66,18,66
444135	749,281,749
444432	8,1,8
444487	0,0,0
453298	11,3,11
453892	0,0,0
457456	16,7,16
477003	10,2,10
488740	11,4,11
488795	7,3,7
489037	1,0,1
489334	37,12,37
493140	7,4,7
493195	5,1,5
518836	4,0,4
543784	2,0,2
132880	24,8,24
346874	490,167,490
425821	18,5,18
430573	31,14,31
431167	7,1,7
433697	157,53,157
434137	2,0,2
435622	98,33,98
444983	0,0,0
452254	720,252,720
453541	2,1,2
456665	212,61,212
459987	5,0,5
460075	740,290,740
465674	13,7,13
473242	5,2,5
474188	1,0,1
488796	1,0,1
493141	3,1,3
501303	0,0,0
502249	19,8,19
503437	6,4,6
507073	0,0,0
518837	14,3,14
534578	3,2,3
132980	14,4,14
133321	328,112,328
425426	7,1,7
425877	609,231,609
430321	483,151,483
430574	446,159,446
430673	1,0,1
434633	476,171,476
434886	7,2,7
435623	110,26,110
444489	6,0,6
450275	1,0,1
453344	2,0,2
455126	7,0,7
459438	4,0,4
466412	6,0,6
474233	3,0,3
488995	0,0,0
489435	2,2,2
502646	2,1,2
506606	1,0,1
542994	1,1,1
543434	3,0,3
407805	3,0,3
435624	110,30,110
448170	429,148,429
450276	26,8,26
453895	475,163,475
457800	10,5,10
460022	145,41,145
460077	12,7,12
462101	606,215,606
464433	46,18,46
470175	9,4,9
488798	12,3,12
493495	3,0,3
501800	19,8,19
501954	4,1,4
113028	766,284,766
150153	25,6,25
213711	16,5,16
425824	40,14,40
433898	401,128,401
434338	54,23,54
435625	345,109,345
446911	13,2,13
457801	5,3,5
462102	50,12,50
474686	2,0,2
475676	3,2,3
477601	4,3,4
501955	3,1,3
521656	4,0,4
547946	2,0,2
133225	82,21,82
407483	432,156,432
408077	1,1,1
425429	11,5,11
425528	10,1,10
434438	24,8,24
434636	383,139,383
435626	1,0,1
436913	10,2,10
446192	29,9,29
446868	29,11,29
449162	3,1,3
451114	1,1,1
451664	1,0,1
452104	677,230,677
453941	7,0,7
455679	14,5,14
455976	763,280,763
460024	5,0,5
460178	2,1,2
461212	7,2,7
461861	0,0,0
462950	28,5,28
493145	5,2,5
493596	458,165,458
534428	2,0,2
542997	1,0,1
543635	1,0,1
547947	1,0,1
113679	646,217,646
133226	191,65,191
150100	529,180,529
150353	6,1,6
276534	23,5,23
407781	663,241,663
425826	1,0,1
430622	196,68,196
434538	6,1,6
452105	43,14,43
452259	1,0,1
452655	769,309,769
456390	1,1,1
456714	747,274,747
457759	49,18,49
457803	448,143,448
471069	4,1,4
476811	35,6,35
494686	102,26,102
501605	0,0,0
503360	2,1,2
518562	2,1,2
547948	1,1,1
121347	606,260,606
452656	1,1,1
453646	15,4,15
453943	16,7,16
454537	1,0,1
455725	45,19,45
456715	29,9,29
457705	548,209,548
457859	149,55,149
460026	326,110,326
460576	409,129,409
473248	6,1,6
501804	3,1,3
542999	1,0,1
547949	6,3,6
122987	62,21,62
132788	324,98,324
407783	1,0,1
429662	65,22,65
444836	2,0,2
446041	1,0,1
451216	2,0,2
452080	65,22,65
452305	1,0,1
452657	7,2,7
457508	26,10,26
457706	24,8,24
459939	17,4,17
460621	5,5,5
461314	785,274,785
468470	42,15,42
471863	23,13,23
493247	3,0,3
501959	10,1,10
518960	18,5,18
519103	1,0,1
519455	36,12,36
523261	5,3,5
111548	49,19,49
112736	498,183,498
150202	0,0,0
218595	151,48,151
276537	59,18,59
406893	4,1,4
407487	667,224,667
429663	124,38,124
439013	10,2,10
445629	1,0,1
445926	1,0,1
446394	3,1,3
446916	18,6,18
448176	1,0,1
448671	24,7,24
457130	18,5,18
460677	2,0,2
461315	1,0,1
461865	4,2,4
462855	12,2,12
488947	1,0,1
519203	1,0,1
521309	1,0,1
543062	1,1,1
544827	1,0,1
150302	82,27,82
150456	644,232,644
217100	539,176,539
218596	15,7,15
407785	14,4,14
429664	791,283,791
431094	792,266,792
434938	1,0,1
445152	14,5,14
448276	195,64,195
452181	8,5,8
457384	170,57,170
457708	654,247,654
460029	1,0,1
460579	610,233,610
461811	359,105,359
461866	17,5,17
462405	88,21,88
471865	366,139,366
489262	34,9,34
490675	0,0,0
501807	2,1,2
502077	1,1,1
502374	2,1,2
518467	1,1,1
543063	1,0,1
111072	252,82,252
218894	23,7,23
407489	540,200,540
407786	34,6,34
407885	469,150,469
408226	1,1,1
425650	10,4,10
429665	379,121,379
434939	463,163,463
439664	9,1,9
444839	1,0,1
445928	132,44,132
446044	1,0,1
446341	6,0,6
449168	67,27,67
451192	5,3,5
456043	61,18,61
461416	352,116,352
461867	21,5,21
462956	28,4,28
463748	11,1,11
465629	10,4,10
477581	12,4,12
502122	1,0,1
502276	1,1,1
516631	0,0,0
518963	1,0,1
519304	8,3,8
536431	0,0,0
150359	6,1,6
294558	92,31,92
407831	19,7,19
407886	627,215,627
429666	528,177,528
429710	343,115,343
434660	20,7,20
440924	1,0,1
445055	26,10,26
446045	1,0,1
448179	8,1,8
448674	21,9,21
456044	1,0,1
456594	3,2,3
457133	40,18,40
471911	2,1,2
518612	2,2,2
518865	1,0,1
519107	0,0,0
136770	589,234,589
150404	66,13,66
400154	49,11,49
407832	125,39,125
429667	847,323,847
429711	697,249,697
430629	1,0,1
434562	42,8,42
434661	646,236,646
442707	2,0,2
444363	4,1,4
450825	7,2,7
454560	31,8,31
467683	1,1,1
471868	349,112,349
477132	68,20,68
488671	76,31,76
489265	1,0,1
502025	2,1,2
502278	1,0,1
547873	3,0,3
120903	498,211,498
121074	572,182,572
124693	6,2,6
150207	68,28,68
276361	434,140,434
279782	75,11,75
282878	49,23,49
407833	246,83,246
424366	1,0,1
429712	337,111,337
430828	67,29,67
430927	214,80,214
434563	488,187,488
445156	19,6,19
446399	2,0,2
446641	5,0,5
448676	468,160,468
455100	1,1,1
458675	604,205,604
458873	3,1,3
461815	556,200,556
475054	1,0,1
488771	7,2,7
489266	1,0,1
489365	67,26,67
502125	20,6,20
518614	0,0,0
518911	3,0,3
519082	3,1,3
110383	184,60,184
114596	199,67,199
115135	494,167,494
282879	21,7,21
425555	18,6,18
429713	558,197,558
430829	7,3,7
431143	25,8,25
435400	1,0,1
440251	401,147,401
452087	4,1,4
458676	1,0,1
460051	490,167,490
470924	2,1,2
475253	20,8,20
488871	2,1,2
489267	313,105,313
493271	1,0,1
501983	328,114,328
502973	0,0,0
506438	2,0,2
518516	3,0,3
519083	1,1,1
543167	2,0,2
135783	199,60,199
150407	4,2,4
407835	45,18,45
408050	24,5,24
425556	388,119,388
425655	2,1,2
425853	322,103,322
430929	8,4,8
435401	676,247,676
435500	0,0,0
440351	3,2,3
456598	2,0,2
459964	66,21,66
488674	13,3,13
489763	4,0,4
502226	30,9,30
518869	2,1,2
545995	1,0,1
547876	4,0,4
548190	0,0,0
110385	155,57,155
116974	581,197,581
122111	361,137,361
132660	40,22,40
135784	748,256,748
400158	12,4,12
425557	299,108,299
425854	1,1,1
429715	2,0,2
430001	239,85,239
430650	1,0,1
431145	657,234,657
433477	33,9,33
434665	1,0,1
435358	556,178,556
435402	10,5,10
444961	10,6,10
446248	4,1,4
451143	170,57,170
451594	609,231,609
452232	261,79,261
453178	1,0,1
455752	3,1,3
457435	1,0,1
457787	4,2,4
469810	10,1,10
474463	3,0,3
492706	278,90,278
502029	4,2,4
518716	1,1,1
548092	2,0,2
548191	3,3,3
110683	1,0,1
115732	706,315,706
400104	1,1,1
408052	2,0,2
425206	416,151,416
425503	7,0,7
434567	418,145,418
452035	235,86,235
452783	131,35,131
455104	386,145,386
455951	18,4,18
457788	252,86,252
458679	4,0,4
460252	150,52,150
488676	3,0,3
489413	7,0,7
493120	638,244,638
493472	7,0,7
501986	9,2,9
550298	2,0,2
110189	2,0,2
120485	9,3,9
150482	1,0,1
285078	439,148,439
425856	7,4,7
425900	455,134,455
429717	96,36,96
430652	48,12,48
435459	135,46,135
435558	224,90,224
444116	7,3,7
445007	1,0,1
451596	73,18,73
451794	3,1,3
452234	444,175,444
452784	97,31,97
457789	1,1,1
459714	10,3,10
460055	124,33,124
464268	2,1,2
464411	0,0,0
465753	1,0,1
488721	12,5,12
494166	0,0,0
501888	4,1,4
518394	8,3,8
136722	353,127,353
285079	1,1,1
346800	5,3,5
408252	700,244,700
425659	11,3,11
429718	5,1,5
430653	0,0,0
431148	4,2,4
433579	7,3,7
435081	3,2,3
435180	270,76,270
435559	668,222,668
444865	0,0,0
447736	364,139,364
455755	11,2,11
460100	2,2,2
460254	7,3,7
489019	0,0,0
489316	20,7,20
493276	2,0,2
499810	0,0,0
518692	29,9,29
519187	0,0,0
521689	1,1,1
534603	2,1,2
543216	2,0,2
547924	1,1,1
112116	639,266,639
117094	9,3,9
121125	1,0,1
132961	43,15,43
150286	39,16,39
150484	709,227,709
400008	1,1,1
425506	357,104,357
425902	796,335,796
429719	4,0,4
430203	693,251,693
430654	1,0,1
430951	3,1,3
434669	1,0,1
435181	568,203,568
450300	86,27,86
453974	89,32,89
454667	0,0,0
456999	5,1,5
460101	0,0,0
462136	2,2,2
493574	4,3,4
501835	11,3,11
508892	11,6,11
518792	34,12,34
544757	4,1,4
547925	3,1,3
110236	555,184,555
136724	48,11,48
150089	120,38,120
346857	492,188,492
406670	9,3,9
425859	54,24,54
425903	637,261,637
429440	2,2,2
430952	0,0,0
445109	4,1,4
446270	1,0,1
448151	0,0,0
452732	0,0,0
455009	2,0,2
458628	63,18,63
460003	250,75,250
463622	2,1,2
465657	1,0,1
468429	6,4,6
469040	18,3,18
469590	7,3,7
518441	2,1,2
534605	1,0,1
542921	11,3,11
112316	127,40,127
123107	428,155,428
325392	644,237,644
425508	464,161,464
425904	300,104,300
435408	331,108,331
450203	33,6,33
450852	2,0,2
452238	13,1,13
452733	16,4,16
453228	55,23,55
453327	22,5,22
453525	71,18,71
460004	338,109,338
460059	67,14,67
462985	7,3,7
464910	3,0,3
474568	1,0,1
474865	195,76,195
491640	5,2,5
493125	3,1,3
502151	20,9,20
518794	18,8,18
534606	4,2,4
534804	1,0,1
543291	1,0,1
123801	2,1,2
150289	614,221,614
277405	3,0,3
346859	191,60,191
400083	225,86,225
407860	1,1,1
408201	10,2,10
425509	707,241,707
430404	355,120,355
430657	3,2,3
432934	28,9,28
434590	10,0,10
450204	522,182,522
450303	24,9,24
452239	133,46,133
455605	28,7,28
455759	565,182,565
455957	17,6,17
461842	2,2,2
488726	138,52,138
518696	40,11,40
519433	1,1,1
534580	4,2,4
124748	339,117,339
137140	570,200,570
407861	694,254,694
430603	85,24,85
430658	28,5,28
431170	3,2,3
453329	2,0,2
453527	4,2,4
453923	70,20,70
458054	1,0,1
458252	1,0,1
459440	24,11,24
460105	3,1,3
462536	37,13,37
471897	12,3,12
476270	9,0,9
489717	0,0,0
493127	288,104,288
502054	1,0,1
518499	0,0,0
543194	1,0,1
543590	0,0,0
114849	2,1,2
150137	5,4,5
400085	703,274,703
407862	257,90,257
430956	108,38,108
431171	440,163,440
444041	37,11,37
446373	22,8,22
449145	1,0,1
450855	1,1,1
452989	208,65,208
455706	0,0,0
458000	24,5,24
459991	52,15,52
465705	11,2,11
473922	1,0,1
493128	5,2,5
518544	3,2,3
543492	1,0,1
133380	400,154,400
291565	288,85,288
400284	804,323,804
425386	2,0,2
429841	478,186,478
430083	5,1,5
430605	340,120,340
430957	13,3,13
446121	8,3,8
448200	2,0,2
450306	5,1,5
458155	11,4,11
474319	6,2,6
500274	2,1,2
502100	1,0,1
534583	0,0,0
117244	691,256,691
150337	17,7,17
340192	708,278,708
348563	43,15,43
424144	27,9,27
425530	1,1,1
425783	718,290,718
430958	20,7,20
445187	1,0,1
446276	2,2,2
446474	100,39,100
447761	60,25,60
448256	1,0,1
456121	40,17,40
456671	4,0,4
457760	5,3,5
476570	4,4,4
489242	25,5,25
503498	2,0,2
514982	0,0,0
518799	2,0,2
534584	2,1,2
543791	4,1,4
209315	31,10,31
276519	835,262,835
279561	4,1,4
408206	26,7,26
408305	697,243,697
425487	51,13,51
425630	6,3,6
425784	17,3,17
425883	2,1,2
430904	71,15,71
434298	6,3,6
434540	401,153,401
444440	4,1,4
445584	2,0,2
446321	19,1,19
446574	1,0,1
450308	5,1,5
452063	8,4,8
455088	109,36,109
456078	3,1,3
456573	1,1,1
477165	1,1,1
502003	5,1,5
502454	0,0,0
518745	3,0,3
121250	2,1,2
123609	22,8,22
150438	9,0,9
340392	22,10,22
408108	546,182,546
408306	206,65,206
425631	27,9,27
425686	637,243,637
425785	218,66,218
430680	28,8,28
430905	1,1,1
448159	61,15,61
450282	3,2,3
456376	1,1,1
456420	9,3,9
457762	11,2,11
460083	4,0,4
464241	0,0,0
466320	661,238,661
475582	756,287,756
500871	1,1,1
547951	4,1,4
113232	150,63,150
150439	408,137,408
340393	307,103,307
400134	257,91,257
407812	738,300,738
408307	735,271,735
425489	20,8,20
425533	33,12,33
425632	72,17,72
430906	26,3,26
434498	30,12,30
434641	1,0,1
446224	4,0,4
456124	5,1,5
457763	39,9,39
459941	182,59,182
464341	52,16,52
501213	9,3,9
501961	13,5,13
521310	3,1,3
534587	2,1,2
537953	1,0,1
121252	7,3,7
132241	1,0,1
134320	95,37,95
150061	311,116,311
275928	16,4,16
406878	741,274,741
408209	20,6,20
430583	619,246,619
434598	10,4,10
435038	434,142,434
446225	2,0,2
453056	764,282,764
453353	2,1,2
456422	770,276,770
458006	1,0,1
458501	122,34,122
467763	1,1,1
472938	1,0,1
488652	1,0,1
501962	1,1,1
506912	5,2,5
516768	0,0,0
519260	0,0,0
123387	2,1,2
134321	2,0,2
400136	75,16,75
421124	337,119,337
425634	35,7,35
434643	71,15,71
434698	41,13,41
435039	1,0,1
448602	718,256,718
450681	1,0,1
456027	69,13,69
456577	0,0,0
457468	6,2,6
457567	1,0,1
459943	31,13,31
460086	260,94,260
460284	4,1,4
464244	2,1,2
464299	353,115,353
465784	484,170,484
474892	3,2,3
499543	2,0,2
516417	1,1,1
518749	1,0,1
534589	1,0,1
115017	63,17,63
136500	279,96,279
425833	7,2,7
430585	646,239,646
435139	10,2,10
435238	6,1,6
448306	5,1,5
448757	28,7,28
448801	489,150,489
453454	10,3,10
455687	6,1,6
457568	3,2,3
457711	4,1,4
458701	3,1,3
460131	22,8,22
489149	13,4,13
493351	672,238,672
501865	4,0,4
502206	1,0,1
543148	1,1,1
133982	3,1,3
136600	2,2,2
219194	4,0,4
282905	21,8,21
425834	628,200,628
444446	13,4,13
446624	5,1,5
448857	2,0,2
449072	3,0,3
452663	1,0,1
452762	1,1,1
453400	72,18,72
457668	1,1,1
459945	1,0,1
469845	29,8,29
474443	1,0,1
501910	4,2,4
502009	21,3,21
548171	3,0,3
111851	762,258,762
136601	4,3,4
408230	1,1,1
430631	39,14,39
430686	8,2,8
444348	0,0,0
444843	798,291,798
447714	1,0,1
448281	24,11,24
448605	33,11,33
449172	14,5,14
452015	0,0,0
453203	33,10,33
455986	18,2,18
461871	8,4,8
462564	733,264,733
468504	0,0,0
470484	10,5,10
501317	1,1,1
502208	6,3,6
547957	4,1,4
276346	702,224,702
407296	83,22,83
430588	10,4,10
430632	374,130,374
433657	44,11,44
444448	92,30,92
444844	283,98,283
445933	23,5,23
445988	558,216,558
446329	4,3,4
446428	3,0,3
452665	6,2,6
453303	87,25,87
458704	4,2,4
458902	1,0,1
461872	2,0,2
466921	4,2,4
467092	10,3,10
468406	34,14,34
493101	1,0,1
502182	3,0,3
518770	0,0,0
521811	5,1,5
543943	3,0,3
116380	708,255,708
122644	194,70,194
123689	2,0,2
276347	1,0,1
276545	658,254,658
407792	83,24,83
408232	33,11,33
430589	2,0,2
430831	3,0,3
430930	402,145,402
435539	69,25,69
435638	2,0,2
443558	576,193,576
445060	65,21,65
449471	148,45,148
451577	1,0,1
452215	12,4,12
454998	37,11,37
457517	4,1,4
459371	1,1,1
462962	17,3,17
493157	3,1,3
493553	2,0,2
501814	8,3,8
501869	6,3,6
501913	2,2,2
502381	2,0,2
520976	3,0,3
113889	203,58,203
121358	486,139,486
121556	6,2,6
150211	2,0,2
219594	2,0,2
282332	7,1,7
406550	86,19,86
407298	1,0,1
407397	67,24,67
407496	276,98,276
407793	13,4,13
430634	2,0,2
430832	442,165,442
430931	48,21,48
435062	485,169,485
447816	13,6,13
453954	30,8,30
456050	32,9,32
458085	596,234,596
460037	6,1,6
461874	92,27,92
462413	47,14,47
488857	0,0,0
502580	35,13,35
502706	7,1,7
520977	5,0,5
116706	635,254,635
119154	2,0,2
150212	721,252,721
276547	207,57,207
279913	57,7,57
284566	3,2,3
400061	69,24,69
407893	847,333,847
408036	329,101,329
408234	719,292,719
435063	487,174,487
435261	3,1,3
452668	464,158,464
453900	4,0,4
456727	3,1,3
461325	7,0,7
462117	1,0,1
489271	0,0,0
150268	730,223,730
150367	47,15,47
150411	216,66,216
333292	448,136,448
400062	32,5,32
407399	11,2,11
425560	691,246,691
430636	30,8,30
435064	29,8,29
445162	4,0,4
452768	1,1,1
453181	222,72,222
453307	4,2,4
453857	24,8,24
456629	15,3,15
457042	5,1,5
457493	49,13,49
458582	124,38,124
462965	1,0,1
488903	1,0,1
493204	2,0,2
496625	2,0,2
502032	19,5,19
502230	12,2,12
502582	7,2,7
502609	5,3,5
519412	1,1,1
115817	70,22,70
234194	2,0,2
407840	2,1,2
408236	731,305,731
430637	416,135,416
435065	124,41,124
435263	586,210,586
435560	115,38,115
444371	26,5,26
445163	2,1,2
446928	138,46,138
449079	4,1,4
452769	1,0,1
453281	18,5,18
458088	6,1,6
458709	70,17,70
462092	1,0,1
466827	7,2,7
471876	2,2,2
477195	4,2,4
491676	2,0,2
501197	2,1,2
518577	1,1,1
117276	207,71,207
120416	3,0,3
131702	74,25,74
133160	666,229,666
150116	92,28,92
207267	21,4,21
333492	650,203,650
407797	355,117,355
408039	47,19,47
425562	2,0,2
425661	310,99,310
429720	36,8,36
430638	1,0,1
430935	78,24,78
433581	15,4,15
434670	706,291,706
445010	48,13,48
445164	6,3,6
453381	7,1,7
453408	1,1,1
457918	54,12,54
461427	1,0,1
469023	2,1,2
473208	1,0,1
501440	5,0,5
502034	290,97,290
502089	9,3,9
502133	7,1,7
502188	8,3,8
502809	1,0,1
518479	5,2,5
548179	2,1,2
136780	535,184,535
239795	7,1,7
407798	137,49,137
431151	658,263,658
433582	170,46,170
434671	35,11,35
435562	15,5,15
446001	1,0,1
452095	26,10,26
453283	8,3,8
489022	1,1,1
501892	3,1,3
502035	1,1,1
527038	8,2,8
111904	684,244,684
112020	74,20,74
136880	3,1,3
150217	609,192,609
150415	33,7,33
276371	61,23,61
406402	1,0,1
430838	483,154,483
434672	3,1,3
449775	1,1,1
451628	2,0,2
457794	0,0,0
458036	101,27,101
458586	2,1,2
459323	6,3,6
459774	3,2,3
460060	276,100,276
467793	8,4,8
468981	1,0,1
491624	1,1,1
502135	1,1,1
518679	2,0,2
518921	3,3,3
519317	9,5,9
543121	1,0,1
119853	146,51,146
121409	570,225,570
124000	1,1,1
133460	37,10,37
150119	1,0,1
150218	37,4,37
150317	412,117,412
150416	3,2,3
276372	13,2,13
425565	24,8,24
425664	820,299,820
433584	4,0,4
446454	5,1,5
448236	2,0,2
449776	0,0,0
449820	3,0,3
450260	626,202,626
451629	27,6,27
452240	1,0,1
452718	11,3,11
457542	5,2,5
458587	44,15,44
458730	12,5,12
459423	23,9,23
489277	80,28,80
500200	2,0,2
518625	5,1,5
519390	1,1,1
115399	44,17,44
123660	469,148,469
150093	596,190,596
324432	337,123,337
425511	31,7,31
440361	33,6,33
444970	2,1,2
446653	25,7,25
452241	26,5,26
453286	64,21,64
453385	27,6,27
453880	1,1,1
454573	5,2,5
455167	40,13,40
457796	4,1,4
458236	23,6,23
458731	361,139,361
469775	1,0,1
501994	1,0,1
518626	4,2,4
518725	0,0,0
518978	1,0,1
