120691	70,2,4,1,1,1,2,0,0,0,0,0,0,3,7,1,4,0,1,4,8,2,3,2,8,0,0,2,4,3,4,4,5,2,4,0,1,2,8,4,6
424324	15,0,0,0,0,0,0,0,0,0,0,0,0,0,0,0,0,1,3,0,3,0,1,2,5,0,0,2,2,0,0,0,1,0,0,0,0,0,0,0,0
425567	80,0,2,3,4,1,1,0,5,2,3,0,0,2,17,1,4,4,9,0,0,2,4,2,4,3,3,0,4,1,4,2,4,1,4,1,5,0,3,0,0
434378	4,0,0,0,1,0,0,0,0,0,0,0,0,0,0,0,0,0,0,0,0,0,3,0,0,0,0,0,0,0,0,0,0,0,0,0,0,0,0,0,0
445169	22,0,0,0,0,0,0,1,3,0,0,0,0,0,0,0,1,0,0,1,3,0,0,1,6,0,0,0,0,1,3,0,1,0,2,0,3,0,0,0,0
453232	2,0,0,0,0,0,0,0,0,0,0,0,0,0,0,0,0,0,0,0,0,0,0,0,0,0,0,0,0,0,0,0,0,0,2,0,0,0,0,0,0
458589	2,0,0,0,0,0,0,0,0,0,0,0,0,0,1,0,0,0,0,0,0,0,1,0,0,0,0,0,0,0,0,0,0,0,0,0,0,0,0,0,0
469721	28,0,0,1,1,0,1,0,0,1,3,0,0,2,4,0,1,0,0,1,4,1,1,0,1,0,0,1,2,0,0,0,0,5,7,3,3,0,0,0,0
501896	8,0,0,0,0,1,3,0,0,0,0,0,0,2,3,0,0,0,0,0,0,0,0,0,0,0,0,0,0,0,0,0,1,0,0,0,0,0,1,0,0
150040	36,0,1,0,0,0,1,2,6,1,1,0,0,0,0,2,4,0,0,2,5,0,0,2,9,0,0,0,0,0,0,1,5,3,3,0,0,0,0,1,1
424325	21,1,2,0,2,1,1,0,0,0,0,0,0,0,0,0,2,0,0,0,0,1,1,1,1,0,0,0,0,0,0,2,7,0,0,0,0,2,5,0,0
425766	97,2,6,3,10,0,0,0,0,2,6,0,0,5,13,2,4,0,0,7,14,0,1,5,14,1,2,3,4,0,0,0,1,5,11,2,5,0,3,1,3
433587	3,0,0,0,0,0,0,0,0,0,0,0,0,0,0,0,0,0,0,1,3,0,0,0,0,0,0,0,0,0,0,0,0,0,0,0,0,0,0,0,0
444125	6,0,0,0,0,0,0,0,0,0,0,0,0,0,0,0,2,0,0,0,0,0,0,0,0,0,0,0,0,0,0,0,3,0,1,0,0,0,0,0,0
461829	2,0,0,0,0,0,0,0,0,0,0,0,0,1,2,0,0,0,0,0,0,0,0,0,0,0,0,0,0,0,0,0,0,0,0,0,0,0,0,0,0
120044	47,1,2,0,1,0,1,0,0,0,1,0,0,8,16,0,0,0,0,0,1,0,0,3,6,0,0,3,5,0,0,3,5,1,3,0,1,0,0,1,5
434578	6,0,0,0,0,0,0,0,0,0,0,0,2,0,0,1,2,0,0,0,0,0,0,0,0,0,0,0,2,0,0,0,0,0,0,0,0,0,0,0,0
434622	13,0,0,0,0,0,0,0,2,0,1,0,0,0,0,0,0,0,0,0,0,2,3,0,0,0,0,0,2,0,4,0,0,0,0,0,0,0,0,1,1
444379	68,1,3,0,0,3,5,0,2,2,9,0,0,0,3,0,1,0,0,1,4,0,2,2,12,0,1,0,0,1,1,2,6,4,8,1,1,0,4,3,6
453531	30,0,0,0,3,2,3,0,0,0,1,1,3,0,1,0,1,0,0,0,0,1,4,1,1,0,0,0,2,0,2,1,5,1,2,0,2,0,0,0,0
456501	9,0,0,0,0,0,0,0,0,0,0,1,3,0,0,0,0,0,0,0,0,0,0,1,2,0,0,0,0,0,0,0,0,0,0,0,0,0,0,1,4
467798	94,1,3,0,1,2,5,0,0,1,4,0,0,5,10,4,5,0,4,1,1,1,4,6,16,1,4,2,6,1,5,3,9,3,10,0,2,0,1,1,4
502239	3,0,0,0,0,0,0,0,0,0,0,0,0,0,0,0,0,0,0,0,0,0,0,0,0,0,3,0,0,0,0,0,0,0,0,0,0,0,0,0,0
116338	90,2,3,0,6,3,9,0,1,0,4,0,0,2,6,1,7,0,0,0,2,2,5,0,2,0,0,3,3,0,0,5,19,2,3,0,5,5,11,1,4
276377	26,0,0,1,4,0,0,0,3,0,1,0,0,0,3,1,1,0,0,0,1,1,2,2,4,0,0,0,0,1,3,0,3,0,0,0,1,0,0,0,0
276520	10,0,0,0,2,0,0,0,0,0,0,0,0,0,0,0,0,0,0,0,0,0,0,0,0,0,0,0,3,0,0,0,0,2,5,0,0,0,0,0,0
407849	30,0,0,0,0,0,1,0,0,1,1,0,0,3,6,0,1,1,3,0,1,1,4,0,1,0,0,0,0,1,3,2,7,0,0,0,0,0,0,0,2
445216	2,0,0,0,1,0,0,0,0,0,0,0,0,0,0,0,0,0,0,0,0,0,0,0,1,0,0,0,0,0,0,0,0,0,0,0,0,0,0,0,0
455369	17,0,0,0,0,0,0,0,0,0,0,0,0,1,3,0,1,0,0,1,1,0,0,1,5,0,0,0,0,0,2,0,0,0,0,1,2,0,3,0,0
457448	3,0,1,0,0,0,0,0,0,0,0,0,0,0,0,0,0,0,0,0,0,0,0,0,0,0,0,0,0,0,2,0,0,0,0,0,0,0,0,0,0
458537	2,0,0,0,0,0,0,0,0,0,0,0,0,0,0,0,0,0,0,0,0,0,0,0,0,0,0,0,1,0,0,0,1,0,0,0,0,0,0,0,0
490063	8,0,0,0,1,0,0,0,0,0,0,0,2,0,1,0,0,0,0,0,0,0,0,0,0,0,0,0,0,0,0,0,0,1,2,0,0,0,0,0,2
545404	2,0,0,0,0,0,0,0,0,0,0,0,0,0,0,0,0,0,0,0,0,1,2,0,0,0,0,0,0,0,0,0,0,0,0,0,0,0,0,0,0
400018	93,1,3,0,1,1,1,1,7,0,1,2,2,0,1,2,6,0,0,1,14,2,8,2,7,1,6,0,3,0,0,0,4,1,9,1,2,3,10,1,8
431159	39,0,0,0,0,0,0,0,0,2,3,0,0,0,4,4,6,0,0,1,2,1,2,1,1,0,0,0,1,2,5,1,5,0,2,1,4,0,4,0,0
434624	63,0,4,2,3,2,5,0,5,0,1,0,0,0,5,0,4,0,0,0,5,0,1,2,7,0,0,0,0,1,3,2,13,3,4,0,0,0,0,1,3
444876	105,3,4,1,4,1,3,0,3,2,10,2,3,4,7,0,3,2,4,5,6,1,10,3,5,0,2,3,10,1,5,5,13,2,7,4,6,0,0,0,0
453236	24,1,1,1,1,1,2,0,0,0,2,0,1,1,2,0,1,0,0,0,2,0,1,0,0,0,0,0,1,0,6,0,1,1,1,0,0,0,1,0,1
470462	1,0,0,0,0,0,0,0,0,0,0,0,0,0,0,0,0,0,0,0,0,0,0,0,0,0,0,0,1,0,0,0,0,0,0,0,0,0,0,0,0
493133	9,0,4,0,0,0,0,0,0,1,3,0,0,0,0,0,0,0,0,0,0,0,0,0,0,0,2,0,0,0,0,0,0,0,0,0,0,0,0,0,0
514913	93,0,3,2,2,0,1,0,2,2,5,1,1,0,1,1,2,1,3,4,7,6,14,4,13,0,3,4,4,2,5,2,9,2,2,6,13,0,2,0,1
400091	43,0,0,0,0,0,2,1,4,1,1,0,0,0,4,1,3,0,0,0,0,0,1,2,3,0,3,0,1,1,3,1,3,2,4,0,1,6,10,0,0
435219	72,1,1,0,0,5,5,0,3,1,1,1,2,2,6,1,1,0,3,1,4,0,1,1,16,0,0,3,6,1,3,1,3,0,5,2,5,0,1,2,6
519144	3,0,0,0,0,0,0,0,0,0,0,0,0,0,1,0,0,0,0,0,0,0,0,0,2,0,0,0,0,0,0,0,0,0,0,0,0,0,0,0,0
112128	1,0,0,0,0,0,0,0,0,0,0,0,0,0,0,0,0,0,0,0,0,0,0,1,1,0,0,0,0,0,0,0,0,0,0,0,0,0,0,0,0
116539	51,2,7,0,0,2,5,0,0,0,0,0,0,0,0,0,0,0,0,3,10,0,0,4,12,2,5,0,0,0,0,1,5,0,1,0,0,1,3,1,3
217096	3,0,0,0,0,0,0,0,0,0,0,0,0,0,0,0,0,0,0,0,0,1,1,0,2,0,0,0,0,0,0,0,0,0,0,0,0,0,0,0,0
400290	28,0,0,0,0,0,0,0,0,0,0,0,0,0,0,0,1,1,4,0,0,0,1,5,13,0,0,0,0,0,0,0,3,0,0,0,2,0,4,0,0
408210	64,0,1,0,0,0,1,1,3,0,1,0,1,2,4,0,1,0,0,3,11,0,0,1,4,0,5,0,1,0,2,1,6,3,5,0,1,2,10,3,7
424726	93,0,3,0,0,1,2,1,3,1,4,0,0,1,1,0,2,3,8,1,6,4,13,4,16,0,3,1,2,3,8,2,4,3,3,5,13,0,2,0,0
424825	99,0,0,1,2,0,0,4,10,0,2,0,0,1,6,2,9,0,1,3,12,0,1,5,11,2,5,4,5,3,7,5,12,1,8,2,5,1,1,0,2
430611	103,2,5,1,5,1,3,0,3,0,1,2,3,2,4,3,6,4,6,2,5,1,4,6,15,0,0,1,3,4,9,5,15,2,4,2,4,1,4,0,4
446308	81,1,4,0,1,0,1,0,0,0,0,2,3,1,2,1,4,0,0,4,9,0,4,0,1,2,3,1,8,0,2,4,20,2,3,3,11,0,4,0,1
460069	6,0,0,0,0,0,0,0,0,0,0,0,0,0,0,1,3,0,0,0,0,0,0,0,0,0,0,0,0,0,1,0,2,0,0,0,0,0,0,0,0
465668	104,2,4,1,2,4,7,1,6,4,8,1,2,0,6,5,11,1,1,5,17,2,2,2,8,0,1,1,2,1,3,1,6,1,9,0,1,2,7,0,1
502161	9,0,0,0,0,0,0,0,0,0,1,0,0,0,0,0,1,0,1,0,0,1,1,0,0,0,0,0,1,0,2,0,1,0,0,0,0,0,0,0,1
400291	6,0,0,0,0,0,0,0,0,0,0,0,0,0,0,0,0,0,0,0,0,1,4,0,0,0,0,0,0,0,2,0,0,0,0,0,0,0,0,0,0
405395	74,0,2,3,6,3,5,0,0,0,4,0,0,1,1,0,1,0,0,0,8,1,3,5,6,0,0,1,5,4,8,4,8,0,0,3,6,2,4,4,7
446381	59,2,5,1,2,0,1,0,0,0,4,2,5,3,4,1,1,1,4,2,13,0,0,0,1,0,0,0,1,0,1,2,4,3,6,0,4,0,3,0,0
451259	26,0,0,1,1,1,2,0,0,0,3,0,0,0,2,0,3,0,0,0,0,0,3,1,2,0,0,0,0,0,0,1,4,1,3,0,3,0,0,0,0
452249	3,0,0,0,0,0,0,0,0,0,0,0,0,1,2,0,0,0,0,0,0,0,0,0,0,0,0,0,0,0,0,0,1,0,0,0,0,0,0,0,0
516770	121,4,8,0,4,0,1,0,0,2,5,2,6,2,7,0,1,4,8,3,14,0,0,5,12,0,1,1,6,2,7,4,11,3,8,3,11,3,5,5,6
430668	29,0,0,0,0,0,2,1,2,0,0,0,0,0,0,0,1,0,0,0,0,2,7,4,7,1,3,0,0,0,0,0,2,0,0,1,2,0,1,1,2
430910	36,0,0,1,3,0,0,1,3,0,1,1,1,0,0,1,4,0,0,1,3,2,3,0,0,1,3,1,6,1,4,1,3,2,2,0,0,0,0,0,0
430965	20,0,0,0,1,0,0,0,1,0,0,0,0,0,0,0,0,2,3,0,0,0,0,2,2,2,3,0,2,1,1,0,1,3,5,0,0,0,0,0,1
434628	9,0,0,0,0,0,0,0,0,0,0,0,0,0,2,0,0,0,0,0,0,0,0,3,4,0,0,0,0,0,0,0,0,0,0,0,0,0,1,0,2
435041	97,1,3,1,5,0,0,6,7,2,3,0,0,5,18,2,2,5,10,0,1,0,3,2,7,2,4,3,5,1,5,2,6,3,5,3,7,2,6,0,0
445095	25,0,0,0,0,0,0,0,0,0,2,0,1,0,1,1,2,0,0,0,1,1,3,1,1,0,0,2,4,0,0,2,7,0,1,0,0,0,1,0,1
446481	53,0,0,0,0,0,3,0,0,1,9,0,0,3,4,3,6,0,0,1,3,0,2,0,1,0,0,1,1,2,7,1,3,1,6,1,5,0,3,0,0
450314	121,3,5,0,0,5,8,1,3,6,13,1,1,4,8,4,7,0,0,2,5,0,4,3,14,0,0,0,1,5,8,3,11,4,8,3,7,4,9,2,9
460269	12,1,1,0,0,0,0,0,0,0,0,0,0,1,3,0,0,0,0,0,0,0,0,0,1,0,0,0,2,0,0,0,2,0,1,0,1,0,0,0,1
475416	2,0,0,0,0,0,0,0,0,0,0,0,0,0,0,0,0,0,0,0,0,0,0,0,2,0,0,0,0,0,0,0,0,0,0,0,0,0,0,0,0
489150	2,0,0,0,0,0,0,0,0,0,0,0,0,0,0,0,0,0,0,0,0,0,2,0,0,0,0,0,0,0,0,0,0,0,0,0,0,0,0,0,0
506673	59,0,2,1,3,0,1,1,6,0,0,0,0,1,4,0,2,0,1,1,6,0,5,1,7,0,1,0,3,4,5,1,3,0,3,2,2,1,2,0,3
519048	83,2,4,1,2,3,7,0,0,1,5,0,0,0,1,2,7,0,0,2,8,4,10,4,14,0,0,0,1,2,5,2,9,2,6,1,3,0,0,0,1
134181	113,0,4,1,3,3,15,0,0,2,3,1,3,0,1,3,6,0,0,3,9,4,13,4,15,0,0,1,4,2,4,6,15,2,6,2,5,2,5,1,2
204020	92,0,1,4,6,5,7,0,1,3,7,2,6,1,3,0,1,0,0,1,9,1,2,0,3,0,0,2,11,2,8,3,9,1,1,0,6,2,5,2,6
277417	2,0,0,0,0,0,0,0,0,0,0,0,2,0,0,0,0,0,0,0,0,0,0,0,0,0,0,0,0,0,0,0,0,0,0,0,0,0,0,0,0
456030	113,1,4,0,1,0,0,4,4,3,3,2,5,2,8,1,5,3,7,4,9,9,13,3,7,1,1,5,6,1,2,7,13,1,6,0,4,2,7,4,8
476704	38,0,2,0,0,0,0,0,0,1,4,0,1,1,5,0,1,0,0,0,1,0,4,0,1,0,1,0,1,0,0,1,7,0,0,2,5,0,0,1,5
492841	15,0,1,1,1,0,0,0,0,0,0,0,0,0,0,0,0,0,0,0,1,0,1,0,0,0,0,1,2,1,1,1,1,1,2,0,1,0,3,0,1
519346	23,0,1,0,0,1,1,0,0,0,0,0,1,0,1,0,1,0,0,1,3,0,0,3,8,0,0,0,0,0,0,0,0,0,0,2,3,0,0,2,4
519445	24,0,0,0,0,1,2,0,0,2,3,0,0,0,0,0,0,0,0,0,0,1,2,0,3,0,0,1,1,1,5,0,0,1,1,0,2,1,2,0,3
150148	39,0,0,4,8,0,0,0,0,0,0,0,3,5,12,1,3,0,0,0,2,0,0,0,4,1,3,0,0,0,0,0,0,0,1,0,1,0,0,0,2
206551	29,1,1,1,1,0,1,1,3,0,1,0,0,0,0,0,3,0,1,0,1,0,3,1,5,0,0,0,1,0,1,1,4,0,0,0,0,0,0,0,3
400140	33,0,0,0,0,0,0,0,0,1,3,0,0,0,1,0,0,0,0,0,0,2,4,0,0,0,3,1,6,1,5,1,8,0,2,0,1,0,0,0,0
430912	12,0,0,0,1,0,0,0,0,0,3,0,0,1,2,1,3,0,0,0,0,1,1,0,0,0,0,0,0,0,0,0,0,0,0,0,0,1,2,0,0
435043	9,0,0,0,0,0,0,0,0,0,0,0,0,0,0,0,0,0,0,1,2,0,0,1,3,0,0,0,0,0,1,1,3,0,0,0,0,0,0,0,0
445196	56,0,0,0,0,0,1,1,3,3,6,0,1,0,1,2,3,0,1,0,2,0,3,2,8,2,2,0,2,2,4,1,4,0,2,1,2,1,4,3,7
453539	45,0,2,0,0,3,4,1,2,2,9,1,1,1,3,0,0,0,0,3,4,1,1,3,5,0,0,0,0,0,3,1,4,0,2,0,0,1,1,1,4
493337	5,0,0,0,0,0,0,0,0,0,2,0,0,0,1,0,0,0,0,0,0,0,0,0,2,0,0,0,0,0,0,0,0,0,0,0,0,0,0,0,0
518500	22,0,0,0,0,0,0,0,1,1,1,0,5,0,0,0,0,0,0,0,0,0,0,1,2,0,0,0,3,0,1,1,5,0,0,0,0,1,3,0,1
136460	97,1,3,1,2,1,2,0,0,1,6,0,0,0,8,3,10,0,0,2,7,4,10,0,5,0,0,2,8,0,0,2,10,1,1,1,5,2,15,1,5
408314	123,4,5,1,2,0,2,2,3,0,6,0,0,2,3,2,3,3,7,2,9,8,15,7,17,0,3,1,6,3,7,6,9,3,9,6,13,0,2,1,2
425496	105,0,0,4,11,1,2,0,1,1,4,2,2,7,21,5,9,2,5,0,0,1,4,6,11,0,1,1,1,0,4,1,7,4,9,2,2,1,3,3,8
435044	3,0,0,0,0,0,0,0,0,0,0,0,0,0,0,0,0,1,3,0,0,0,0,0,0,0,0,0,0,0,0,0,0,0,0,0,0,0,0,0,0
450317	70,2,9,1,4,0,6,0,3,0,3,0,2,2,7,2,5,0,0,0,2,0,1,1,7,0,0,0,0,1,4,3,11,0,1,1,2,0,0,1,3
451109	22,0,1,0,0,0,2,0,0,0,1,0,0,0,0,0,0,2,3,0,2,0,0,0,0,0,0,1,3,0,0,1,1,0,1,1,2,0,4,0,2
458210	111,0,0,1,1,0,0,0,0,4,10,1,1,0,4,0,3,0,6,2,5,5,8,8,27,2,2,1,8,5,7,5,7,1,3,3,6,1,6,2,7
465041	37,0,2,0,0,1,3,0,0,0,1,0,0,0,2,0,0,0,0,2,5,2,3,3,13,0,0,0,1,1,1,0,3,0,1,0,1,0,1,0,0
471107	34,0,1,0,1,0,1,0,0,0,1,0,1,0,3,2,5,0,0,1,1,0,2,0,2,0,0,0,1,1,6,0,3,0,2,2,3,0,1,0,0
502210	27,0,1,0,0,0,0,2,3,0,0,0,1,0,1,0,0,0,0,3,5,0,1,0,1,0,0,2,3,0,0,0,0,2,3,1,1,1,1,2,6
518655	1,0,0,0,0,0,0,0,0,0,0,0,0,0,0,0,0,0,0,0,0,0,0,0,1,0,0,0,0,0,0,0,0,0,0,0,0,0,0,0,0
523253	27,0,0,2,5,0,1,1,1,1,3,0,0,0,1,0,0,0,0,0,0,0,4,0,0,0,0,0,1,0,3,1,1,0,2,1,1,0,0,0,4
150348	5,1,2,0,0,0,0,0,0,0,0,0,0,0,0,0,0,0,0,0,0,0,1,0,1,0,0,0,0,0,0,0,0,0,0,1,1,0,0,0,0
279571	1,0,0,0,0,0,0,0,0,0,0,0,0,0,0,0,0,0,0,0,0,0,0,0,0,0,0,0,0,0,0,0,0,0,0,0,0,0,1,0,0
400098	27,0,0,0,1,0,0,0,0,0,0,0,1,1,3,2,4,1,1,0,1,0,0,1,1,0,0,0,1,0,0,0,0,1,4,2,5,1,1,3,4
435298	3,0,0,0,0,0,0,0,0,0,0,0,0,0,0,0,0,0,0,0,0,0,0,0,0,0,0,0,0,1,1,0,0,0,0,0,2,0,0,0,0
444351	24,0,0,4,6,0,0,1,1,1,3,0,0,1,3,0,0,0,0,0,0,1,2,0,0,0,0,0,1,2,2,0,4,1,2,0,0,0,0,0,0
518700	7,0,0,0,0,0,0,0,0,0,3,0,0,0,0,1,3,0,0,0,0,0,0,0,0,0,0,0,0,0,0,0,1,0,0,0,0,0,0,0,0
543829	77,1,6,2,5,0,1,0,0,0,6,0,0,3,10,1,3,0,0,5,12,1,1,3,6,0,3,3,7,0,0,0,2,2,10,0,3,1,1,0,1
116662	19,0,3,1,3,0,0,0,0,0,0,0,0,0,0,0,0,0,0,0,1,0,1,2,3,1,3,0,0,0,0,0,0,0,1,0,0,1,4,0,0
236155	4,0,0,0,0,0,0,1,2,0,0,0,0,0,0,0,0,0,1,0,0,0,0,0,0,0,0,0,0,0,0,0,0,0,0,0,0,0,1,0,0
346793	1,0,0,0,0,0,0,1,1,0,0,0,0,0,0,0,0,0,0,0,0,0,0,0,0,0,0,0,0,0,0,0,0,0,0,0,0,0,0,0,0
425542	24,2,5,0,0,0,0,0,0,0,0,0,0,1,3,0,0,1,4,1,4,0,1,0,0,0,0,0,1,0,0,1,4,1,1,1,1,0,0,0,0
453064	113,0,4,0,0,0,5,5,12,1,2,2,4,2,5,1,3,2,6,2,4,2,7,9,18,1,1,0,5,4,9,3,6,1,3,2,6,1,3,3,10
456034	3,0,0,0,0,0,0,0,0,0,0,0,0,0,0,0,0,0,0,0,1,0,0,0,0,0,0,0,0,1,1,0,1,0,0,0,0,0,0,0,0
457420	52,0,1,0,1,1,3,0,0,1,5,0,0,3,6,1,3,0,3,0,0,0,0,2,3,0,0,1,4,1,4,2,5,3,7,2,3,1,1,0,3
461858	2,0,0,0,0,0,0,0,0,0,0,0,0,0,0,0,0,0,0,0,0,0,0,0,1,0,0,0,0,0,0,0,0,0,0,0,1,0,0,0,0
517414	2,0,0,0,0,0,0,0,0,0,2,0,0,0,0,0,0,0,0,0,0,0,0,0,0,0,0,0,0,0,0,0,0,0,0,0,0,0,0,0,0
150449	35,1,1,0,0,1,1,0,0,1,2,0,0,0,6,0,1,0,1,0,1,0,3,2,9,0,0,1,3,0,0,1,4,0,0,1,2,0,1,0,0
425543	22,0,3,0,0,0,0,0,0,1,2,0,0,0,1,1,3,0,0,0,0,1,4,0,0,0,0,0,0,1,3,0,1,1,2,0,1,1,1,1,1
425796	107,3,7,2,5,2,3,1,3,2,10,0,0,5,9,1,5,1,3,1,9,2,5,0,3,1,4,5,10,0,5,5,13,2,5,1,5,0,1,0,2
430592	91,1,3,0,0,3,7,1,1,3,8,0,0,0,3,2,5,2,3,1,1,3,6,4,13,1,3,2,4,1,2,5,13,0,12,0,1,0,1,2,5
451085	2,0,0,0,0,0,0,0,0,0,0,0,0,0,0,0,0,0,0,0,0,0,0,0,0,0,0,0,0,0,0,0,2,0,0,0,0,0,0,0,0
458015	117,1,2,1,3,1,6,0,0,1,6,1,3,4,9,5,6,2,5,3,7,3,9,3,9,0,0,3,5,4,7,8,17,2,8,0,3,3,5,2,7
471083	88,0,4,2,6,0,2,0,7,0,1,0,0,3,7,2,4,1,1,3,6,1,5,1,6,0,2,2,5,3,7,4,8,1,4,2,4,1,3,3,6
115223	75,1,4,1,1,0,0,0,0,0,1,0,3,1,2,0,3,0,0,1,5,2,5,1,1,2,6,6,10,0,3,4,17,1,5,1,4,0,1,2,4
120074	90,2,6,1,1,0,0,0,4,3,5,1,2,1,5,1,2,2,4,2,5,1,8,3,5,0,0,2,4,1,2,7,13,0,4,4,8,3,8,2,4
136860	118,1,4,0,0,1,3,2,3,2,4,0,0,2,3,2,5,2,8,3,7,5,16,5,16,0,3,4,5,2,7,3,8,4,8,7,15,1,2,0,1
346795	49,2,3,0,1,2,6,0,0,1,3,0,0,0,1,2,6,0,1,1,5,2,7,4,8,0,0,0,2,0,0,0,1,3,4,0,0,0,0,0,1
446334	98,0,5,0,0,3,5,0,2,2,6,1,1,4,8,2,6,0,0,2,9,1,5,2,12,0,0,0,1,2,7,7,11,1,4,3,6,0,4,1,6
276055	71,1,2,1,5,1,1,0,5,0,3,0,0,3,11,1,4,1,5,0,1,1,3,0,3,2,3,0,4,2,3,0,5,1,3,3,7,0,3,0,0
285064	13,0,0,1,2,0,0,0,0,0,0,0,0,1,3,1,2,0,0,0,0,1,3,0,0,0,0,0,0,0,0,0,0,0,3,0,0,0,0,0,0
425446	67,2,8,2,4,0,0,0,1,2,3,2,3,5,9,3,3,0,0,3,9,0,1,6,12,1,1,0,2,0,0,3,4,0,1,1,4,0,0,1,2
425545	59,0,0,0,1,0,2,2,3,0,0,0,0,0,4,1,7,0,0,3,7,0,3,4,11,0,0,0,1,0,6,4,8,1,6,0,0,0,0,0,0
434158	113,2,7,3,7,5,9,0,0,0,0,0,0,4,7,1,4,0,0,4,10,2,8,7,18,0,5,1,4,2,5,4,9,0,1,0,2,4,8,7,9
444553	3,0,0,0,0,0,0,0,0,0,0,0,0,0,0,0,0,0,0,0,0,0,0,1,2,0,0,0,0,0,0,0,1,0,0,0,0,0,0,0,0
449107	27,0,3,0,0,0,0,0,0,3,6,0,0,0,0,0,1,0,0,0,0,0,1,0,0,0,0,0,3,0,0,1,8,0,3,0,1,1,1,0,0
452121	59,0,2,1,5,0,0,1,5,0,1,0,0,1,5,1,3,0,0,0,1,3,5,2,7,2,4,0,2,1,2,4,9,0,1,0,1,3,6,0,0
452220	114,2,6,3,5,0,0,0,8,0,1,1,4,3,7,5,10,0,0,2,9,4,10,2,9,0,0,5,10,1,5,2,11,1,4,2,5,2,4,0,6
452671	19,0,0,0,0,0,0,0,0,0,1,0,0,0,0,1,1,0,0,0,0,0,5,0,0,0,0,0,2,0,1,0,5,1,1,1,2,1,1,0,0
453562	3,0,0,0,0,0,0,0,0,0,0,0,0,0,0,0,0,0,0,0,0,1,2,0,0,0,0,0,0,0,0,0,0,0,0,1,1,0,0,0,0
456488	65,0,3,2,7,1,4,0,0,1,1,0,0,2,8,0,2,0,0,1,3,3,7,3,9,0,4,2,3,3,6,2,3,0,0,0,0,0,4,1,1
475243	10,0,0,0,0,0,2,0,0,0,0,0,0,1,3,0,0,0,0,0,0,0,0,2,4,0,0,0,0,0,0,0,0,0,0,0,0,0,0,0,1
518902	10,0,0,0,0,0,0,0,1,1,1,1,3,0,0,0,0,0,0,0,0,0,0,1,2,0,0,0,0,0,0,1,1,0,2,0,0,0,0,0,0
117601	82,0,4,2,3,0,1,0,0,0,1,0,2,0,3,1,4,0,0,3,9,3,9,2,2,1,3,0,6,0,1,5,15,2,5,3,9,1,1,1,4
232694	73,1,3,1,4,0,1,0,0,1,4,0,3,1,7,1,7,0,0,3,6,1,1,1,9,1,4,4,5,0,0,2,4,2,7,1,3,0,4,0,1
276056	1,0,0,0,0,0,0,0,0,0,0,0,0,0,0,0,0,0,0,0,0,0,0,0,1,0,0,0,0,0,0,0,0,0,0,0,0,0,0,0,0
421685	4,0,0,1,2,0,0,0,0,0,0,0,0,0,0,0,0,0,0,0,0,0,0,0,0,0,0,0,2,0,0,0,0,0,0,0,0,0,0,0,0
452221	18,0,0,0,3,0,1,0,0,0,3,0,0,0,0,0,1,0,0,0,0,3,3,1,2,0,0,1,2,0,0,0,0,0,3,0,0,0,0,0,0
452672	55,0,0,0,2,0,3,0,0,0,1,0,1,3,4,1,3,4,6,1,2,1,3,3,3,0,0,1,3,2,7,0,0,0,6,1,2,3,6,1,3
453211	112,0,1,1,3,1,6,0,0,0,4,0,3,2,7,2,5,2,7,5,8,3,8,5,6,0,0,0,4,1,6,7,17,2,12,1,2,1,5,3,8
488862	101,1,9,0,4,3,6,2,6,1,4,0,1,3,7,4,6,0,0,2,7,0,0,6,16,0,0,0,0,0,2,5,16,2,8,0,4,0,0,0,5
276354	69,1,3,0,0,2,4,0,0,3,10,0,0,3,7,0,0,2,4,1,3,3,6,2,5,0,0,3,4,0,2,3,10,2,4,1,6,1,1,0,0
279577	5,0,1,0,0,0,0,0,0,0,0,0,0,1,4,0,0,0,0,0,0,0,0,0,0,0,0,0,0,0,0,0,0,0,0,0,0,0,0,0,0
346798	6,0,0,0,0,0,1,0,0,0,0,1,2,0,0,0,0,0,0,0,0,0,0,0,0,0,0,0,0,0,0,0,0,0,0,0,1,0,0,1,2
425547	46,0,0,2,6,2,3,0,0,1,3,0,0,0,4,0,0,0,0,0,0,3,8,1,4,0,1,2,5,0,1,0,3,1,3,1,2,0,0,2,3
425844	9,0,1,0,0,0,0,0,0,0,0,0,0,0,0,0,0,0,2,0,0,0,0,0,0,0,0,1,2,0,0,2,4,0,0,0,0,0,0,0,0
449082	71,0,0,0,0,2,3,0,1,1,4,0,0,0,4,2,4,0,4,0,1,1,4,2,7,0,1,4,8,0,0,6,12,2,7,2,5,0,1,3,5
451584	4,0,0,0,0,0,0,0,0,1,2,0,0,0,0,0,0,0,0,0,0,1,1,0,0,0,0,0,0,0,0,1,1,0,0,0,0,0,0,0,0
453311	9,0,0,0,2,0,0,0,0,0,0,0,0,0,1,0,0,0,0,0,0,0,0,1,3,0,0,0,0,0,0,1,2,0,0,0,0,0,0,0,1
501920	17,0,0,0,0,0,0,0,0,1,1,0,1,0,0,0,0,0,0,0,0,0,0,0,3,0,0,0,0,2,3,1,1,0,2,0,1,0,1,3,4
502190	13,0,0,0,0,0,0,0,0,0,0,0,0,0,1,0,0,2,5,2,2,0,2,0,1,0,0,0,0,0,1,0,0,0,0,0,0,0,0,0,1
117955	11,0,0,0,0,0,0,0,0,0,0,0,0,1,2,0,0,0,0,0,3,1,2,0,0,0,0,0,2,0,0,0,0,0,0,0,0,0,2,0,0
150020	61,1,3,0,2,1,1,2,3,1,4,0,0,4,9,3,3,0,0,2,4,0,3,1,3,0,0,1,3,1,1,2,7,4,8,0,0,1,5,0,2
460099	27,1,1,0,3,0,0,0,0,0,0,0,0,0,0,0,0,0,0,0,0,1,3,0,0,1,3,0,0,0,0,5,12,0,0,0,2,1,3,0,0
502317	63,0,2,0,0,2,6,0,0,1,6,0,0,1,5,1,5,0,0,2,4,0,0,3,7,0,0,0,0,0,2,3,12,3,6,0,0,0,3,2,5
572761	19,0,0,0,0,0,2,0,0,2,3,0,0,0,0,0,0,0,0,0,0,0,1,0,2,0,0,0,2,1,4,0,0,0,0,2,5,0,0,0,0
150021	29,0,0,0,0,0,0,0,0,0,0,1,3,0,1,0,1,0,3,0,6,0,3,0,3,0,0,0,0,0,0,2,5,0,0,1,2,0,1,0,1
425549	96,3,3,1,1,0,1,1,7,1,8,0,1,0,2,0,3,0,0,0,0,2,5,8,19,0,0,2,5,1,7,1,3,2,8,1,5,3,11,2,7
430895	83,1,3,2,4,1,7,2,3,0,2,0,0,3,6,3,4,0,0,0,2,0,2,2,2,0,0,0,0,0,1,6,15,1,3,1,7,5,11,5,11
453269	114,3,6,2,3,4,7,0,0,7,12,0,0,6,22,2,3,0,1,0,0,4,7,6,13,0,1,5,7,2,5,1,12,4,7,2,3,2,5,0,0
461882	30,0,0,0,0,1,1,0,2,1,1,0,3,0,0,1,3,0,0,1,4,0,0,0,1,0,0,0,0,0,2,3,9,2,2,2,2,0,0,0,0
488810	24,0,0,1,3,0,0,0,0,0,0,1,2,0,0,0,0,0,0,1,2,0,0,0,3,0,0,1,4,1,3,1,6,0,0,0,1,0,0,0,0
150275	70,0,1,0,1,1,7,0,0,0,1,1,3,0,0,0,2,0,0,3,7,8,11,1,3,0,0,1,3,1,3,8,12,2,6,2,4,1,4,0,2
408242	7,0,0,0,2,0,0,0,0,0,0,0,0,0,0,0,0,0,0,0,3,0,0,0,0,0,0,0,0,0,0,0,2,0,0,0,0,0,0,0,0
429780	14,0,0,0,1,0,0,0,0,0,0,0,0,0,0,2,2,0,0,1,2,0,0,0,0,0,0,0,2,2,4,0,0,0,0,0,3,0,0,0,0
433217	33,0,0,0,1,0,3,0,0,0,0,0,0,0,0,2,4,0,0,2,5,1,5,0,3,0,0,0,4,0,0,0,3,0,0,1,2,0,2,0,1
434658	79,1,6,0,4,2,6,1,9,0,4,0,1,1,2,0,3,0,0,0,4,0,1,5,13,0,0,0,0,0,4,3,14,1,5,0,0,0,0,2,3
451532	8,0,0,4,4,0,0,0,0,0,0,0,0,0,0,0,0,0,0,0,2,0,0,0,0,0,0,0,0,0,0,0,0,0,2,0,0,0,0,0,0
452676	2,0,0,0,0,0,0,0,0,0,0,0,0,0,0,1,2,0,0,0,0,0,0,0,0,0,0,0,0,0,0,0,0,0,0,0,0,0,0,0,0
457428	9,0,0,0,0,0,0,0,0,0,0,0,0,0,2,1,2,0,0,0,0,0,2,0,0,0,0,0,0,0,0,1,2,0,0,1,1,0,0,0,0
458913	26,0,0,0,0,0,0,0,1,0,0,1,3,1,5,0,1,0,0,0,1,0,1,0,4,0,0,0,0,1,1,0,0,0,0,2,6,0,0,2,3
488811	13,0,0,1,2,0,2,0,0,0,1,0,0,0,0,0,1,0,0,0,0,0,2,0,0,0,0,0,1,2,3,0,1,0,0,0,0,0,0,0,0
502517	106,0,3,0,0,0,2,1,3,3,7,0,0,1,1,0,3,2,4,2,7,5,16,9,15,0,0,2,6,3,8,4,7,1,6,5,15,1,3,0,0
123744	38,1,1,0,0,0,0,0,0,1,2,0,0,4,9,0,0,0,4,0,1,0,0,1,5,0,0,1,6,0,0,2,5,0,0,1,5,0,0,0,0
408045	43,0,1,0,0,0,0,1,3,0,1,1,1,1,4,0,1,0,3,0,1,1,3,3,11,0,0,1,6,0,0,0,1,0,0,0,4,3,3,0,0
429781	7,0,0,0,0,0,0,0,0,0,0,0,0,1,2,0,0,0,1,0,0,0,0,0,0,0,0,0,0,0,0,0,0,1,4,0,0,0,0,0,0
430897	106,2,7,5,8,4,5,0,0,0,1,0,0,3,10,3,5,0,2,3,10,4,7,6,16,2,3,2,4,3,6,2,5,1,2,2,2,4,7,4,6
434604	121,1,4,1,2,2,7,2,7,2,8,1,1,2,13,7,13,0,1,9,17,1,5,7,11,0,0,2,4,1,4,4,7,2,10,1,2,1,4,0,1
453568	72,1,4,0,0,1,4,4,9,1,1,0,0,0,2,0,1,0,4,2,4,2,4,5,12,0,0,2,5,0,2,0,4,1,2,0,3,2,4,1,7
466988	103,0,2,0,0,0,5,0,1,0,2,1,4,5,10,2,3,3,8,4,8,4,6,2,4,2,7,2,9,0,3,1,7,1,5,1,2,4,14,1,3
499856	3,0,0,2,3,0,0,0,0,0,0,0,0,0,0,0,0,0,0,0,0,0,0,0,0,0,0,0,0,0,0,0,0,0,0,0,0,0,0,0,0
543108	62,1,2,0,1,0,4,0,0,3,5,0,0,3,4,2,2,0,1,0,0,1,4,1,8,1,1,3,8,0,1,3,8,1,5,0,3,0,5,0,0
571521	1,0,0,0,0,0,0,0,0,0,0,0,0,0,1,0,0,0,0,0,0,0,0,0,0,0,0,0,0,0,0,0,0,0,0,0,0,0,0,0,0
150277	11,0,0,0,0,0,0,0,0,0,0,0,0,0,2,0,0,1,3,1,4,0,0,0,0,0,0,0,0,0,0,0,0,1,2,0,0,0,0,0,0
279824	2,0,0,0,0,0,0,0,0,0,0,0,0,1,2,0,0,0,0,0,0,0,0,0,0,0,0,0,0,0,0,0,0,0,0,0,0,0,0,0,0
408299	112,0,2,0,1,2,5,0,0,1,1,1,5,2,8,2,5,2,11,3,6,1,6,3,4,1,10,4,8,0,3,4,8,1,7,1,4,7,14,4,4
452678	118,1,1,0,1,0,5,0,3,0,3,3,6,2,5,4,11,4,8,2,7,1,2,10,22,0,0,2,7,1,4,4,8,2,5,2,7,2,6,0,7
457727	57,0,1,4,4,1,1,2,2,0,2,0,3,0,0,2,6,0,0,2,6,2,5,0,0,0,0,0,2,1,4,6,15,1,4,1,2,0,0,0,0
458690	10,0,0,0,0,0,0,0,0,0,0,0,0,0,0,0,0,0,0,0,0,1,2,0,0,0,2,1,3,0,0,0,0,0,0,0,0,2,3,0,0
110029	93,2,3,2,7,3,8,2,4,1,4,0,1,5,8,1,5,0,0,0,2,1,3,1,2,0,0,1,3,2,2,8,20,1,3,4,4,3,7,4,7
150421	52,1,1,0,0,2,2,0,0,1,4,1,3,0,0,1,2,0,1,2,3,1,3,3,7,0,0,0,0,0,0,4,14,1,4,0,0,0,0,4,8
408047	30,0,0,0,1,0,0,0,0,2,4,0,0,0,0,0,3,0,0,0,0,0,1,1,13,1,2,1,1,0,0,0,1,0,1,0,0,0,0,0,3
434705	44,0,1,0,0,0,0,1,3,0,0,0,1,0,2,0,0,0,0,1,1,1,4,2,6,0,0,1,3,1,8,2,5,0,0,1,5,1,5,0,0
451788	8,0,0,0,0,0,0,0,0,0,0,0,0,0,2,0,0,0,0,0,0,0,0,0,3,0,0,0,0,0,0,0,1,0,2,0,0,0,0,0,0
457926	70,0,0,0,2,1,5,0,0,1,3,0,0,0,4,1,1,2,3,0,3,1,5,3,7,0,0,0,0,1,2,3,10,4,11,1,1,0,4,1,9
543281	58,0,0,0,1,0,1,0,0,0,0,0,0,4,9,2,5,0,3,0,0,0,2,2,10,1,4,0,1,0,0,3,7,1,5,1,3,1,2,2,5
111867	44,0,1,0,3,0,0,0,0,0,2,0,0,0,1,0,1,1,2,1,1,2,3,1,7,0,0,1,3,2,4,3,4,0,8,1,1,0,0,1,3
448242	62,3,5,1,4,0,1,0,0,0,1,1,1,1,4,1,4,0,0,2,3,1,1,4,10,0,0,3,6,0,0,1,3,3,9,1,5,3,5,0,0
453192	2,0,0,0,0,0,0,0,0,0,0,0,0,0,0,0,0,0,0,0,2,0,0,0,0,0,0,0,0,0,0,0,0,0,0,0,0,0,0,0,0
467827	73,2,4,0,3,0,1,5,7,0,0,0,0,3,8,0,3,0,0,2,5,3,4,3,7,0,0,2,7,1,5,2,5,1,4,1,3,0,3,3,4
114739	43,3,3,0,0,0,4,0,0,1,2,0,0,1,2,0,0,0,1,3,4,0,0,4,7,0,1,0,2,3,4,1,3,2,3,1,4,0,0,0,3
150324	112,1,3,2,3,3,4,3,9,3,10,1,1,1,2,0,4,0,0,1,4,3,6,7,16,2,3,3,5,0,4,2,6,3,6,2,9,3,10,4,7
334393	99,0,1,0,1,0,0,5,7,0,2,0,0,12,23,0,1,3,11,0,1,1,4,0,5,0,1,3,8,1,7,2,11,0,4,1,5,2,7,0,0
334492	6,0,1,0,0,0,0,0,0,0,0,0,0,1,1,0,0,0,0,0,0,0,1,0,0,0,0,0,0,0,0,0,0,0,3,0,0,0,0,0,0
430945	106,2,4,4,5,0,1,0,0,1,2,0,0,1,4,0,5,0,0,3,6,6,9,0,2,2,7,3,12,0,2,5,21,4,7,2,9,2,5,2,5
446263	47,0,0,0,1,0,0,0,0,1,2,0,0,1,1,1,1,1,3,2,5,2,7,0,5,2,3,1,3,0,0,2,5,1,4,3,6,0,1,0,0
448694	8,0,0,0,0,0,0,0,0,0,0,0,0,0,0,0,0,0,0,1,3,0,0,0,0,0,0,1,3,0,0,0,0,0,0,1,2,0,0,0,0
502143	93,0,2,0,0,0,0,0,3,3,7,1,2,0,4,0,3,1,3,1,6,2,7,8,17,0,2,1,6,0,8,1,5,0,2,1,4,1,8,1,4
542914	2,0,0,0,0,0,0,0,0,0,0,0,0,0,0,0,0,0,0,0,0,0,2,0,0,0,0,0,0,0,0,0,0,0,0,0,0,0,0,0,0
150479	15,0,0,0,0,0,0,0,0,1,4,0,0,0,1,0,0,0,0,0,0,0,0,0,0,0,0,0,0,0,0,1,3,0,0,0,1,1,6,0,0
428642	37,1,4,0,0,0,0,0,2,1,3,2,3,0,0,0,0,1,3,0,0,0,1,1,6,0,0,1,1,0,2,1,2,0,0,1,7,0,1,1,2
430946	26,0,0,1,2,1,1,0,0,0,0,0,3,0,3,0,1,0,0,0,1,0,0,0,0,1,6,0,0,0,0,0,1,0,1,1,4,1,3,0,0
435220	64,0,1,0,0,2,3,1,6,1,1,0,0,1,4,2,7,1,1,4,9,0,0,1,10,0,0,0,3,1,3,0,1,1,8,3,5,1,1,1,1
459431	3,0,0,0,0,0,0,0,0,0,0,0,0,0,0,0,2,0,0,0,0,0,0,0,0,0,0,0,0,0,0,0,0,0,1,0,0,0,0,0,0
468396	2,0,0,0,0,0,0,0,0,0,0,0,0,0,0,0,0,0,0,0,0,1,2,0,0,0,0,0,0,0,0,0,0,0,0,0,0,0,0,0,0
518633	2,0,0,0,0,0,0,0,0,0,2,0,0,0,0,0,0,0,0,0,0,0,0,0,0,0,0,0,0,0,0,0,0,0,0,0,0,0,0,0,0
123173	72,0,0,4,11,1,1,0,1,0,3,0,1,3,13,0,1,0,4,0,0,2,4,4,8,0,0,0,0,1,5,2,3,2,6,0,0,0,3,3,8
123272	12,0,0,0,0,0,0,1,3,0,0,0,0,0,0,0,0,0,0,0,1,0,0,2,4,0,0,0,1,0,2,0,0,0,0,1,1,0,0,0,0
150029	110,0,4,1,3,3,7,1,6,3,8,0,1,3,7,5,12,0,0,3,18,1,5,2,7,0,0,0,5,3,4,2,6,2,8,0,2,3,6,1,1
407853	2,0,0,0,0,0,0,0,0,0,0,0,0,0,0,0,0,0,0,0,0,0,0,0,0,0,0,0,0,0,0,0,0,0,0,0,0,0,0,0,2
421064	106,1,5,0,0,3,4,2,10,0,1,1,3,5,7,0,1,1,6,3,7,3,7,6,17,1,1,0,5,4,8,0,4,0,3,1,5,1,2,3,10
425772	44,0,0,0,3,2,5,2,2,0,0,0,0,0,3,0,3,0,0,0,1,0,0,0,1,0,0,0,0,1,1,1,7,2,3,1,5,1,7,1,3
430947	104,1,2,3,5,3,10,2,3,0,7,0,2,2,7,1,3,0,0,1,2,2,7,0,3,0,0,1,3,0,1,5,20,3,7,0,5,1,6,5,11
431162	11,0,0,0,0,0,0,0,0,1,1,0,0,2,2,0,0,0,0,0,0,0,0,0,0,0,0,0,0,1,3,0,5,0,0,0,0,0,0,0,0
467055	64,0,0,1,3,0,0,0,0,2,4,0,0,4,14,0,4,1,5,0,1,2,4,3,9,0,1,0,0,1,4,3,7,0,3,0,1,2,2,0,2
488818	23,1,3,0,0,0,0,0,0,1,3,0,0,0,0,2,4,0,0,0,3,1,4,1,4,0,0,0,0,1,2,0,0,0,0,0,0,0,0,0,0
400121	108,2,5,1,1,1,5,0,0,5,10,0,0,9,20,1,2,0,0,1,1,1,2,7,12,0,2,4,10,1,4,6,13,3,9,2,2,2,5,1,5
425773	100,1,2,1,1,0,5,0,2,4,10,0,0,2,7,3,8,0,0,5,8,1,4,3,13,1,1,0,0,2,6,5,10,6,9,1,4,0,4,3,6
430948	67,1,1,1,6,0,4,2,4,0,0,1,1,1,5,2,4,0,0,1,2,1,5,0,2,0,0,0,3,2,2,1,8,0,3,2,4,1,4,3,9
432928	57,1,3,1,1,0,0,0,0,0,0,1,1,1,2,0,2,0,0,2,7,1,5,0,1,1,3,2,8,2,2,1,5,1,4,1,6,0,3,1,4
435079	112,1,5,1,3,5,10,0,0,1,5,0,3,0,1,2,6,0,1,6,9,7,14,6,15,0,0,1,3,1,6,3,16,1,2,2,6,3,3,2,4
448147	2,0,0,0,0,0,0,0,0,0,0,0,0,0,2,0,0,0,0,0,0,0,0,0,0,0,0,0,0,0,0,0,0,0,0,0,0,0,0,0,0
449786	52,0,1,0,0,0,2,0,4,2,6,0,0,0,0,0,0,0,0,1,3,0,0,3,7,0,3,0,1,1,2,2,2,1,8,0,1,3,10,0,2
455077	42,0,1,0,1,0,1,1,3,1,1,0,0,1,1,0,1,0,0,4,8,1,4,1,2,0,2,0,1,0,1,0,0,1,9,0,0,2,3,2,3
457453	11,0,0,0,0,0,0,0,0,0,0,0,0,0,0,2,2,0,0,0,0,0,0,0,2,0,0,0,0,0,0,0,2,0,0,0,0,0,2,2,3
467100	3,0,0,0,3,0,0,0,0,0,0,0,0,0,0,0,0,0,0,0,0,0,0,0,0,0,0,0,0,0,0,0,0,0,0,0,0,0,0,0,0
488819	17,0,0,0,0,0,0,0,0,0,0,0,1,0,0,1,1,0,0,0,0,0,0,1,1,0,0,0,0,0,1,1,4,1,2,1,5,0,0,2,2
504379	5,0,0,0,0,0,0,0,0,0,0,0,0,0,0,0,0,0,0,0,2,0,0,2,2,0,0,0,0,0,0,0,0,0,0,0,0,0,0,0,1
521055	1,0,0,0,0,0,0,0,0,0,0,0,0,0,0,0,0,0,0,0,0,0,0,0,0,0,0,0,0,0,0,0,0,0,0,0,0,0,1,0,0
150229	80,1,1,1,1,1,1,2,7,0,2,0,0,8,20,1,4,2,10,0,1,1,4,1,1,0,0,2,4,2,5,3,7,2,4,2,5,1,3,0,0
346871	6,0,0,0,0,0,0,0,3,0,0,0,0,0,0,0,0,0,0,0,0,0,0,0,2,0,0,0,0,0,0,0,0,0,0,0,0,1,1,0,0
400023	59,0,1,3,5,0,1,0,1,0,1,0,0,6,15,0,5,0,0,1,1,2,5,0,3,0,0,0,1,0,2,4,7,1,4,0,0,1,3,1,4
444430	4,0,0,0,0,0,0,0,0,0,0,0,0,0,3,0,0,0,0,0,0,0,0,0,0,0,0,0,1,0,0,0,0,0,0,0,0,0,0,0,0
446861	3,0,0,0,0,0,0,0,0,0,0,0,0,0,0,0,0,0,0,0,0,0,0,0,0,0,0,0,0,0,0,0,0,1,2,0,0,0,1,0,0
450172	6,0,0,0,0,0,0,0,0,1,1,0,0,0,0,0,0,0,0,0,0,2,2,1,1,0,0,0,0,0,0,1,2,0,0,0,0,0,0,0,0
457454	59,2,3,0,1,0,0,1,4,0,0,1,2,1,2,0,0,2,5,2,4,3,7,0,1,1,1,2,4,0,0,3,6,1,3,2,3,0,6,3,7
459434	13,0,0,0,0,0,0,0,0,1,1,0,0,0,0,1,1,0,0,0,1,0,0,0,2,0,0,1,3,0,0,0,0,0,3,0,0,0,2,0,0
489189	5,0,0,0,0,0,0,0,0,0,0,0,0,0,0,0,2,0,0,0,0,0,0,0,0,0,0,0,0,0,0,0,0,0,0,0,3,0,0,0,0
407801	32,0,0,2,4,0,1,0,1,0,2,0,3,3,6,0,0,0,0,0,0,0,0,2,6,0,3,0,1,0,0,0,3,1,1,1,1,0,0,0,0
434630	54,0,0,0,2,0,0,0,0,1,1,0,0,3,15,1,7,0,0,0,1,2,2,6,10,0,0,0,0,2,3,1,1,2,3,0,0,1,3,1,6
452252	100,1,7,1,5,2,5,5,9,1,3,0,2,1,4,4,7,0,0,4,10,0,2,9,17,0,0,0,0,3,5,5,12,4,7,3,4,0,0,0,1
458643	23,1,1,0,0,0,0,2,4,0,0,1,3,0,1,0,0,0,1,1,1,0,0,0,0,0,0,1,4,1,3,1,1,0,0,0,0,0,0,2,4
518934	36,1,1,0,0,0,1,0,0,2,4,1,2,0,1,0,1,1,3,0,1,0,1,1,3,0,0,0,0,0,4,0,3,0,1,3,6,0,1,0,3
431166	10,0,0,0,0,0,0,1,3,0,0,0,0,0,0,0,0,0,0,0,1,0,0,0,1,0,0,0,0,0,0,0,0,0,0,1,3,0,0,1,2
433597	23,0,1,0,2,0,1,0,0,0,0,0,0,2,7,0,0,0,1,0,0,0,0,0,1,0,0,2,3,1,1,0,3,0,0,2,3,0,0,0,0
435522	109,1,4,1,2,1,3,0,1,6,10,0,1,2,9,3,10,1,1,0,3,2,8,2,12,0,4,2,6,5,6,4,10,1,9,1,3,2,2,1,5
444135	97,0,1,1,4,2,5,0,0,3,7,2,5,1,4,0,2,0,1,5,10,0,1,4,4,0,0,4,10,2,8,4,14,1,1,3,11,2,3,1,6
444432	87,0,2,0,3,2,4,1,4,0,5,0,1,3,6,1,4,0,0,1,1,2,6,2,3,0,0,0,0,1,3,4,16,3,5,2,6,1,8,2,10
457456	4,0,0,0,0,0,0,0,0,0,0,0,0,1,2,0,0,0,0,0,2,0,0,0,0,0,0,0,0,0,0,0,0,0,0,0,0,0,0,0,0
477003	11,0,1,0,0,0,0,0,0,0,1,0,0,0,0,0,0,0,0,0,1,2,3,0,0,0,0,0,2,0,2,0,0,0,0,0,0,0,1,0,0
543333	109,4,5,1,4,2,3,2,3,3,9,1,4,2,7,1,5,0,4,1,8,0,4,2,6,0,0,4,12,2,4,4,13,3,7,3,8,0,0,0,3
346874	83,1,4,2,5,0,1,0,0,0,4,1,3,4,9,0,4,0,0,2,11,0,2,3,10,0,3,3,5,0,0,1,3,2,12,1,4,0,3,0,0
435622	103,1,3,2,3,1,5,1,3,1,7,0,1,4,10,3,12,1,1,5,14,1,6,4,12,0,0,0,1,1,4,3,8,2,6,0,2,1,5,0,0
452254	87,1,2,0,2,0,1,2,6,2,7,1,2,0,1,0,3,0,1,3,4,3,7,5,12,1,3,2,5,2,5,1,3,0,1,1,7,2,7,3,8
460075	103,3,7,1,4,1,4,2,4,1,2,1,3,1,7,2,6,2,6,1,3,1,5,7,15,0,0,2,3,2,5,5,13,1,4,2,4,2,3,2,5
465674	5,0,0,0,0,0,0,0,0,0,0,0,0,0,0,0,0,0,1,0,0,0,1,0,1,0,0,0,0,0,0,0,1,0,0,0,1,0,0,0,0
133321	30,0,1,0,0,1,2,1,4,0,0,0,0,0,1,2,3,0,0,1,2,0,1,1,5,0,0,2,3,0,0,0,0,1,5,0,1,0,1,0,1
425877	81,0,1,3,4,0,6,0,0,0,6,2,6,0,3,0,0,0,0,4,9,1,1,3,5,0,0,1,4,1,5,3,8,1,1,2,9,2,7,1,6
430321	86,1,3,0,0,0,1,0,0,3,7,1,2,1,4,1,3,2,3,1,5,2,7,8,16,1,2,1,5,1,6,0,6,0,1,1,2,3,6,3,7
430574	23,0,1,0,0,0,0,0,0,2,2,0,0,0,0,0,1,0,0,1,1,0,1,0,3,1,3,0,0,0,1,2,5,1,2,1,3,0,0,0,0
453344	6,0,0,0,0,0,0,0,0,0,0,0,0,0,0,0,0,0,0,0,0,0,0,0,3,0,0,0,0,0,0,0,0,0,2,0,0,0,0,0,1
455126	80,0,1,0,0,0,2,2,6,0,1,1,3,1,5,1,1,1,1,1,5,2,6,5,17,0,1,0,5,1,3,1,5,0,0,0,4,0,4,4,10
474233	41,1,1,1,3,1,3,1,1,1,2,0,0,1,4,0,0,0,0,0,1,4,5,1,2,0,0,2,3,1,2,2,8,0,2,0,1,0,1,1,2
453895	107,0,2,1,2,1,1,2,4,0,2,0,0,0,4,2,8,0,0,5,17,2,4,3,6,1,6,2,4,2,4,2,9,4,12,1,1,2,12,3,9
460022	27,0,0,1,3,1,2,0,0,0,0,0,0,0,0,0,0,0,0,1,1,0,1,0,2,0,0,0,4,1,3,1,3,0,0,0,3,0,1,0,4
460077	28,1,1,0,0,0,0,0,0,0,4,0,0,0,0,0,0,1,1,0,0,0,0,2,5,0,0,0,1,0,0,2,5,0,1,1,2,3,3,1,5
462101	94,3,3,1,2,5,9,0,0,3,5,0,3,0,2,0,1,0,1,0,3,4,13,2,10,0,0,1,5,3,5,8,17,3,6,2,5,0,1,0,3
501800	17,0,0,0,0,0,0,0,0,0,0,0,0,0,0,0,0,0,1,2,4,0,3,2,2,0,0,0,0,0,1,2,3,0,0,1,3,0,0,0,0
501954	12,0,0,0,0,0,1,0,0,0,0,0,0,1,3,0,0,0,0,0,0,0,1,1,1,0,0,0,0,0,0,0,0,0,0,0,1,0,3,0,2
113028	114,2,5,0,0,4,7,0,3,4,14,0,0,0,4,3,8,0,0,2,4,2,5,4,15,0,0,0,0,1,6,5,10,3,8,3,7,3,9,2,9
425626	10,0,0,0,0,0,0,0,0,0,0,0,0,0,0,0,0,0,2,0,2,0,0,0,0,0,0,0,0,0,2,0,0,0,0,0,4,0,0,0,0
433898	106,1,2,0,2,1,2,4,9,3,12,1,2,0,2,0,0,0,1,1,4,2,7,4,14,2,3,4,5,3,7,2,4,2,6,2,6,2,11,2,7
435625	85,1,1,2,5,2,2,0,0,2,4,1,2,4,16,2,6,0,3,0,2,3,4,3,11,0,1,0,1,0,5,1,7,6,9,1,2,0,0,1,4
462102	7,0,0,0,0,0,0,0,0,0,0,0,0,0,0,0,2,0,0,0,3,0,2,0,0,0,0,0,0,0,0,0,0,0,0,0,0,0,0,0,0
133225	12,0,3,0,0,0,0,0,0,0,1,0,0,0,0,0,0,0,2,0,3,0,0,0,2,0,0,0,0,0,0,0,0,0,0,0,0,0,1,0,0
407483	32,0,0,2,2,0,0,0,0,2,4,1,1,0,1,0,1,1,1,0,0,3,5,1,5,0,0,1,3,0,1,1,3,1,2,1,3,0,0,0,0
434636	112,2,5,0,1,0,1,0,0,2,7,0,1,0,3,1,2,1,7,5,7,7,16,9,18,0,0,5,7,3,7,2,8,1,4,6,15,2,3,0,0
452104	106,0,0,5,12,1,5,1,3,2,3,2,3,1,4,6,7,0,0,4,6,4,9,1,4,1,1,4,9,1,6,8,19,4,8,0,4,0,0,0,3
455976	111,2,4,3,5,0,1,0,0,0,3,0,0,0,3,0,5,0,0,3,7,3,10,1,2,3,7,5,13,0,2,11,21,2,7,5,9,3,6,2,6
493596	75,1,2,0,3,1,1,1,5,0,2,0,0,6,15,1,1,0,5,0,2,1,6,1,5,1,3,0,4,1,3,2,6,0,4,0,2,3,6,0,0
523989	8,0,0,0,0,0,0,0,0,0,0,0,0,2,4,0,0,0,0,1,2,0,0,0,0,0,0,0,0,0,0,0,0,2,2,0,0,0,0,0,0
150100	32,0,1,1,4,0,1,0,0,1,1,0,0,3,7,0,0,0,0,0,0,3,3,1,6,0,0,0,0,0,2,2,4,0,0,0,0,1,2,0,1
434538	1,0,0,0,0,0,0,0,0,0,0,0,0,0,0,0,0,0,0,0,0,0,0,0,0,0,0,1,1,0,0,0,0,0,0,0,0,0,0,0,0
452655	19,0,0,0,1,0,0,0,0,0,1,0,0,0,0,0,1,0,0,0,0,0,1,3,7,2,3,0,0,0,0,0,1,0,1,0,0,0,0,0,3
456714	102,1,5,1,4,1,3,0,1,4,11,0,1,5,7,2,4,1,3,4,8,1,7,3,3,1,4,1,7,3,4,7,10,1,8,4,9,0,1,1,2
457759	106,3,4,0,2,2,2,3,3,1,4,0,0,1,3,1,4,2,7,1,5,4,12,4,16,0,3,2,4,1,7,1,5,1,5,5,16,1,3,1,1
457803	103,0,1,2,3,1,5,0,0,3,5,0,4,2,9,1,6,2,5,1,5,2,7,1,8,0,0,2,4,2,8,5,12,4,8,0,2,0,4,3,7
543339	14,0,0,0,0,0,0,0,0,0,0,0,0,1,1,1,2,0,0,0,0,0,0,0,0,0,0,0,2,0,0,0,0,2,4,1,2,0,1,2,2
121347	101,2,8,4,7,4,7,0,0,0,0,0,0,2,6,1,4,0,0,2,8,4,7,8,20,2,3,2,5,2,6,4,8,0,1,0,2,2,4,4,5
453646	5,0,2,0,0,0,0,0,0,1,3,0,0,0,0,0,0,0,0,0,0,0,0,0,0,0,0,0,0,0,0,0,0,0,0,0,0,0,0,0,0
457705	111,2,4,1,2,4,7,0,0,3,10,0,1,5,10,2,9,3,4,0,2,3,8,4,12,1,3,3,4,3,7,6,7,5,8,1,3,4,4,2,6
460026	51,0,0,0,1,1,1,0,2,0,0,0,0,0,1,0,5,0,0,3,3,2,7,0,3,0,0,0,5,3,7,4,9,0,2,0,2,0,0,1,3
460576	21,0,3,0,0,0,0,0,0,0,0,2,2,0,0,0,1,0,0,0,0,1,1,0,3,0,0,1,1,0,0,0,3,0,3,0,1,0,3,0,0
488846	2,0,0,0,0,0,0,0,0,0,0,0,0,0,0,0,0,0,0,0,2,0,0,0,0,0,0,0,0,0,0,0,0,0,0,0,0,0,0,0,0
501381	2,0,0,0,0,0,0,0,0,0,0,0,0,0,0,0,0,0,0,0,0,1,2,0,0,0,0,0,0,0,0,0,0,0,0,0,0,0,0,0,0
519058	66,0,0,1,3,1,3,2,3,1,3,0,0,4,8,2,4,1,3,5,7,0,3,2,5,0,4,1,3,1,1,1,5,1,3,1,6,0,0,0,2
542999	46,2,5,1,2,0,0,0,0,0,1,1,1,2,4,0,0,1,6,4,6,0,0,0,1,0,1,0,0,0,0,1,3,1,7,0,2,1,2,2,5
452657	2,0,0,0,0,0,0,0,0,0,0,0,0,0,0,0,0,0,0,0,0,0,0,0,2,0,0,0,0,0,0,0,0,0,0,0,0,0,0,0,0
457706	118,2,6,0,1,2,8,0,0,7,14,0,0,11,23,0,3,0,0,0,0,4,9,3,8,0,1,2,5,1,3,4,12,3,9,2,5,2,5,0,6
461314	109,4,6,6,10,1,1,0,1,2,5,0,3,5,16,4,7,0,0,4,13,0,1,11,17,1,4,4,4,0,0,1,4,5,8,2,4,1,3,2,2
471863	85,1,2,0,0,1,1,1,3,2,5,1,1,1,4,0,0,1,4,2,7,3,6,3,19,0,0,3,4,0,4,4,6,0,1,3,5,1,6,2,7
518960	83,0,1,1,1,1,3,0,3,1,1,1,3,1,8,1,6,1,2,1,3,1,5,3,12,0,0,3,5,3,6,2,9,3,4,1,4,1,4,1,3
519455	13,0,0,0,0,1,1,0,0,0,0,0,0,0,0,0,3,0,1,0,0,0,0,2,2,0,0,1,3,0,0,2,2,0,1,0,0,0,0,0,0
554429	45,0,1,0,1,2,2,0,0,0,0,0,0,0,1,1,3,0,0,3,8,3,7,2,3,1,3,1,2,1,3,1,1,1,6,0,0,0,1,1,3
112736	33,1,1,1,1,0,0,0,3,0,0,0,0,1,4,0,4,0,0,2,3,0,3,2,5,0,0,0,0,2,2,0,3,1,1,0,0,0,1,1,2
407487	64,2,4,1,4,2,3,1,3,1,4,0,1,3,6,1,6,0,0,1,5,1,2,6,12,0,0,0,0,1,1,1,4,0,1,0,4,0,0,0,4
461865	7,0,0,0,0,1,3,0,0,0,3,0,0,0,0,0,0,0,0,0,0,0,0,0,0,0,0,0,0,0,0,0,0,0,0,0,1,0,0,0,0
519203	70,0,1,1,4,1,1,1,2,0,2,0,0,0,0,3,8,0,0,1,4,4,9,1,3,0,0,1,4,3,6,3,17,2,4,0,2,0,0,2,3
150302	11,0,0,0,1,0,0,1,2,0,0,0,0,1,2,0,3,0,0,0,0,0,0,0,0,0,0,0,0,0,0,0,0,0,0,0,0,0,3,0,0
150456	89,0,1,1,1,0,1,3,8,1,2,0,0,2,4,1,4,0,0,3,12,1,7,2,4,2,4,2,5,0,4,1,5,3,9,1,2,4,10,0,6
217100	43,0,1,0,0,0,0,0,0,0,0,1,4,1,4,2,7,1,1,0,2,1,6,2,6,0,0,0,1,0,1,4,6,0,0,2,2,0,1,1,1
218596	10,0,0,0,2,0,1,0,0,0,0,0,0,0,1,0,1,0,0,0,0,0,0,0,0,0,0,0,0,0,0,1,3,0,0,0,0,1,2,0,0
429664	106,2,7,4,7,3,7,0,0,0,0,0,0,5,9,3,5,1,1,2,8,2,7,5,17,1,3,1,5,2,6,3,5,0,2,0,2,4,9,2,6
431094	100,2,10,1,3,2,4,1,6,3,5,1,2,2,6,2,6,0,0,3,7,0,3,5,15,0,0,0,0,1,5,4,15,1,6,0,4,0,0,0,3
451713	67,1,3,0,1,0,0,2,3,0,0,0,0,2,5,1,4,0,0,2,13,0,3,0,4,2,3,2,3,0,3,2,3,1,6,1,2,3,5,3,6
457708	120,2,5,1,5,1,2,5,10,0,0,2,4,3,8,7,11,0,0,5,6,4,11,7,14,0,0,2,9,3,6,5,10,3,3,3,5,3,5,1,6
460579	87,1,1,0,1,2,4,3,4,0,2,0,0,2,8,4,6,3,6,4,7,0,6,6,11,0,0,1,6,4,6,1,10,0,0,1,3,0,1,2,5
462405	22,0,0,0,0,1,2,0,0,2,3,0,0,1,1,1,2,0,0,1,1,0,1,1,1,0,0,0,1,0,0,2,4,0,0,0,1,0,1,2,4
471865	116,2,4,0,0,2,4,4,13,1,2,1,3,2,6,0,2,2,4,2,7,2,6,9,20,1,1,2,5,6,9,5,5,1,4,2,5,1,5,4,11
502374	39,1,3,0,0,0,1,0,0,0,3,0,0,1,2,0,0,0,1,0,1,0,4,1,8,0,0,3,3,1,3,1,6,0,1,0,0,1,1,0,2
543063	78,1,1,1,3,1,2,1,1,0,1,0,2,4,14,3,9,0,3,0,1,1,3,2,12,0,0,0,0,0,1,2,6,1,10,0,0,1,2,0,7
111072	21,0,1,0,0,0,0,0,0,0,0,0,2,0,1,0,3,0,0,0,0,1,3,1,4,0,0,1,3,0,1,1,3,0,0,0,0,0,0,0,0
407489	92,2,3,0,1,0,5,2,2,4,8,1,1,1,6,0,8,0,3,0,2,1,4,6,10,0,3,4,5,1,3,0,8,3,9,0,3,0,0,5,8
407885	29,0,0,1,1,0,0,1,4,0,0,0,0,0,1,1,3,0,0,0,4,0,0,1,6,2,4,0,0,0,1,1,1,1,3,0,0,0,1,0,0
429665	63,2,7,1,1,1,5,2,5,1,3,1,1,0,2,1,5,0,0,1,2,1,2,2,6,0,0,0,0,1,5,5,12,0,3,1,2,0,0,1,2
456043	6,0,0,0,0,0,0,0,0,0,0,0,0,0,0,0,0,0,0,0,0,0,0,0,1,0,0,0,0,0,0,0,1,0,2,0,0,0,0,1,2
461416	39,0,0,2,4,0,1,2,3,0,0,1,3,1,1,0,0,0,0,1,1,0,4,2,4,0,0,0,0,2,4,4,9,1,2,1,2,0,0,0,1
462956	4,0,0,0,0,0,0,0,0,0,0,0,0,0,0,0,0,0,0,0,0,1,2,0,0,0,0,0,0,0,0,2,2,0,0,0,0,0,0,0,0
518567	8,0,0,0,0,0,0,0,3,0,0,0,0,0,0,0,0,0,0,0,0,0,0,1,1,0,0,0,0,0,0,0,0,0,0,0,0,1,2,0,2
150359	3,0,0,1,3,0,0,0,0,0,0,0,0,0,0,0,0,0,0,0,0,0,0,0,0,0,0,0,0,0,0,0,0,0,0,0,0,0,0,0,0
294558	58,1,1,0,1,0,1,0,0,0,1,0,3,1,6,1,6,0,1,0,2,4,7,1,6,0,0,2,5,1,2,3,9,0,0,0,2,2,2,0,3
407886	108,0,2,3,9,2,4,1,2,1,5,1,3,2,5,2,7,0,0,0,5,7,15,1,4,0,1,3,8,4,9,6,15,3,8,2,3,0,0,1,3
429666	110,3,5,4,7,0,0,0,0,0,2,0,1,2,4,3,5,0,0,3,9,2,8,1,2,3,7,6,12,0,2,9,23,5,7,4,9,3,4,0,3
445055	89,0,3,4,6,2,7,0,1,2,7,0,4,0,4,1,2,0,0,4,10,2,3,0,1,0,1,4,8,5,8,1,4,1,1,1,11,0,2,1,6
457133	8,0,0,0,0,0,0,0,0,1,2,0,0,0,1,0,0,0,0,0,0,1,3,0,0,0,0,0,1,0,1,0,0,0,0,0,0,0,0,0,0
471911	7,0,0,0,0,1,1,0,0,0,0,0,0,0,0,0,0,0,0,0,0,0,0,1,2,0,0,0,1,0,0,0,3,0,0,0,0,0,0,0,0
136770	60,1,4,0,1,0,0,0,3,1,3,0,1,3,7,0,0,1,3,1,4,1,3,3,6,0,1,1,3,1,3,0,5,1,2,2,3,2,5,1,3
150404	7,0,0,0,0,0,0,0,0,0,0,0,2,2,2,0,0,0,0,0,2,0,0,0,1,0,0,0,0,0,0,0,0,0,0,0,0,0,0,0,0
400154	10,0,1,1,2,1,1,0,0,0,0,0,0,0,0,0,0,0,0,0,0,0,0,0,1,0,0,0,0,0,1,0,0,0,0,1,3,0,0,0,1
407832	37,1,1,1,2,0,0,2,2,0,0,0,0,0,2,1,1,0,0,0,4,2,4,1,3,0,0,0,0,0,3,0,0,0,2,1,5,2,5,0,3
429667	111,0,5,2,2,0,1,0,6,0,1,1,1,3,9,4,8,0,3,3,6,8,11,3,9,0,1,2,4,1,3,4,9,1,3,3,12,3,8,6,9
429711	89,2,6,0,0,0,2,1,7,0,1,0,1,2,5,1,6,0,0,1,11,1,5,1,6,1,3,3,3,1,4,1,6,1,6,0,2,1,7,2,8
434661	35,1,1,0,0,0,0,0,0,0,2,0,0,1,2,1,1,0,0,0,0,0,2,1,2,0,0,1,7,0,0,4,10,1,2,1,1,3,5,0,0
454560	16,0,0,0,0,0,0,0,0,1,3,0,0,0,0,0,0,0,0,1,3,1,1,0,0,0,0,1,2,0,0,1,3,1,3,1,1,0,0,0,0
471868	54,0,0,1,6,2,2,0,0,0,0,0,0,2,5,1,3,0,0,0,1,1,8,0,3,0,0,1,5,1,3,4,11,0,3,1,3,0,0,0,1
477132	14,1,1,0,0,0,0,0,0,0,0,0,0,1,3,1,2,0,0,0,0,0,0,2,4,0,0,1,1,0,0,0,0,0,0,0,0,1,3,0,0
488671	89,2,4,1,2,4,5,0,0,3,9,1,1,6,14,3,3,0,0,0,0,4,5,2,8,1,1,2,9,1,5,6,11,1,5,0,2,3,4,0,1
121074	33,0,0,0,0,0,0,0,0,0,0,1,3,0,1,2,4,1,3,0,1,0,0,2,4,0,0,0,3,1,4,2,6,0,1,0,0,1,2,0,1
276361	25,0,0,0,0,0,0,0,0,0,1,0,3,0,2,0,0,0,0,1,3,1,1,1,3,0,0,1,3,0,0,0,3,0,1,0,2,0,3,0,0
279782	1,0,0,0,0,0,0,0,0,0,0,0,0,0,1,0,0,0,0,0,0,0,0,0,0,0,0,0,0,0,0,0,0,0,0,0,0,0,0,0,0
407833	93,1,3,1,2,0,1,0,0,1,1,0,6,1,8,0,5,2,5,1,7,2,6,1,3,1,8,1,3,1,3,5,7,2,6,1,4,6,12,1,3
429712	37,1,1,0,0,1,1,0,0,0,0,0,1,0,0,1,2,0,0,1,2,0,2,0,1,0,4,1,3,0,2,3,9,0,0,0,4,1,5,0,0
434563	86,0,1,1,2,0,0,2,3,0,0,0,0,4,8,6,7,2,3,4,8,2,8,2,7,0,0,0,3,1,3,1,7,1,2,1,8,1,7,1,9
448676	41,1,1,0,0,0,0,0,1,0,1,1,3,1,3,0,1,0,2,1,4,2,6,0,2,0,0,0,0,2,6,1,1,0,0,2,5,0,0,0,5
458675	93,0,0,0,3,2,6,1,2,2,7,1,3,2,3,0,1,0,0,3,9,0,1,2,7,0,0,2,11,3,7,5,12,0,1,1,7,2,7,1,6
461815	42,2,3,0,0,0,2,0,0,0,1,0,3,0,0,1,3,1,1,0,0,1,3,6,10,0,0,0,1,0,0,3,5,0,5,0,1,0,2,1,2
489365	56,0,1,0,1,0,0,0,0,4,4,0,1,1,2,0,2,2,3,1,2,5,11,3,4,0,0,2,5,1,4,3,6,1,1,2,7,1,2,0,0
502125	34,0,0,1,2,0,0,0,0,0,3,0,3,0,3,0,0,0,0,1,8,0,0,0,1,0,1,0,1,0,0,0,4,1,3,1,3,1,1,0,1
518614	67,0,0,4,6,1,3,0,0,2,5,1,4,0,0,0,0,0,0,5,9,0,1,1,5,0,1,2,7,0,0,3,7,1,1,4,9,0,3,1,6
429713	105,1,1,0,1,0,3,0,4,0,3,1,5,3,7,4,13,3,6,2,8,0,1,9,21,0,0,0,4,1,4,4,8,1,2,1,5,0,2,1,7
440251	110,1,5,3,5,0,1,1,10,0,1,0,3,2,10,3,9,1,2,3,6,1,8,4,11,0,0,3,10,2,6,3,11,2,3,1,3,2,3,0,3
460051	96,1,4,2,4,1,3,1,3,5,11,1,2,4,8,2,3,1,4,3,6,1,8,2,5,1,2,2,8,1,5,2,6,3,8,0,5,0,1,0,0
475253	107,0,2,0,1,0,1,0,5,1,2,0,0,1,4,0,8,0,0,7,16,2,8,3,8,3,6,3,4,0,4,4,8,3,10,0,1,6,13,2,6
489267	21,0,1,0,1,0,0,0,0,0,0,0,0,0,2,1,2,0,0,0,1,0,0,0,3,2,4,0,0,1,3,0,2,0,2,0,0,0,0,0,0
502126	89,1,3,0,2,0,1,1,5,1,1,0,0,3,10,0,8,2,4,1,6,4,8,4,7,0,1,0,2,0,2,2,6,0,3,3,8,1,4,1,8
518516	9,0,0,0,0,0,0,0,0,0,0,0,0,0,2,0,0,0,0,0,0,0,0,0,2,0,0,0,0,0,0,1,3,1,2,0,0,0,0,0,0
135783	20,0,0,3,4,1,1,0,0,0,0,0,0,0,1,0,0,0,0,0,1,0,1,2,5,1,3,0,0,0,0,0,0,0,1,0,0,1,3,0,0
150407	1,0,0,0,0,0,0,0,0,0,0,0,0,0,0,0,0,0,0,0,0,0,0,0,0,0,0,0,0,1,1,0,0,0,0,0,0,0,0,0,0
425556	76,0,2,1,1,0,6,1,7,0,2,0,1,2,5,1,7,0,0,5,15,1,1,2,8,0,0,2,5,1,2,3,5,3,7,0,1,0,0,1,1
435401	78,0,1,2,8,2,5,0,1,2,7,0,2,0,0,0,0,0,0,4,10,0,3,1,2,0,0,2,10,1,4,4,9,0,0,2,6,1,4,4,6
450729	7,0,1,0,0,0,0,0,0,0,0,0,0,0,0,1,2,0,0,0,0,0,1,0,1,0,0,2,2,0,0,0,0,0,0,0,0,0,0,0,0
459964	85,4,5,0,0,1,5,0,2,4,14,0,0,4,5,1,1,0,0,4,7,1,1,0,9,0,2,0,0,0,1,1,9,1,8,3,3,1,7,1,6
488674	1,0,0,0,0,0,0,0,0,0,0,0,0,0,0,0,0,0,0,0,0,0,0,1,1,0,0,0,0,0,0,0,0,0,0,0,0,0,0,0,0
502226	31,0,0,0,1,1,1,0,0,0,0,0,3,1,1,0,0,0,0,0,0,2,4,0,0,0,0,2,3,2,3,2,6,0,0,1,4,2,4,1,1
135784	100,1,3,0,0,0,2,2,7,0,2,1,2,3,8,2,8,1,3,5,9,0,8,3,8,0,0,1,4,1,2,1,8,1,3,5,11,0,3,4,9
400158	6,2,3,0,0,0,0,0,0,0,0,0,0,1,3,0,0,0,0,0,0,0,0,0,0,0,0,0,0,0,0,0,0,0,0,0,0,0,0,0,0
425557	39,2,6,0,0,0,0,0,0,0,1,0,1,0,1,0,0,1,3,0,3,0,1,1,5,0,0,0,4,1,3,1,3,0,0,2,7,0,1,0,0
430001	116,3,6,1,4,2,4,1,4,1,1,2,3,3,9,3,5,2,6,1,6,2,4,4,19,0,0,4,6,1,8,4,14,1,4,3,5,1,5,1,3
431145	62,2,4,3,6,2,3,0,0,0,0,0,0,3,5,0,5,0,1,0,6,0,4,1,6,1,3,0,2,2,4,1,2,0,1,0,0,3,6,0,4
435358	86,0,4,1,3,2,3,0,0,0,0,2,3,4,7,1,3,0,5,1,4,1,1,1,15,0,0,3,6,2,5,2,10,2,5,1,5,0,3,1,4
450351	3,0,0,0,0,0,0,0,0,0,0,0,0,0,0,0,0,0,0,0,0,1,3,0,0,0,0,0,0,0,0,0,0,0,0,0,0,0,0,0,0
451143	8,0,0,0,0,0,0,0,0,0,0,0,0,0,1,0,0,2,3,0,0,0,0,1,3,0,0,0,0,0,0,0,0,0,0,0,0,0,0,0,1
451594	8,0,0,0,0,0,0,0,0,0,1,0,0,0,0,0,0,0,0,1,1,0,0,0,3,0,0,0,0,0,2,0,0,0,0,0,0,0,0,1,1
453178	12,1,3,0,0,0,0,0,0,0,0,0,0,1,2,0,0,0,0,0,1,1,3,0,0,0,0,1,2,0,0,0,0,0,0,0,0,1,1,0,0
457435	2,0,0,0,0,0,0,0,0,0,0,0,0,0,2,0,0,0,0,0,0,0,0,0,0,0,0,0,0,0,0,0,0,0,0,0,0,0,0,0,0
457787	119,1,2,2,2,2,6,3,6,5,9,1,1,3,13,4,13,0,1,4,17,1,5,5,12,0,0,1,5,2,3,4,7,4,11,0,2,0,4,0,0
501985	7,0,0,0,0,0,0,0,0,0,0,0,0,0,2,0,0,0,0,0,0,1,2,0,0,0,0,1,3,0,0,0,0,0,0,0,0,0,0,0,0
518716	8,0,0,0,0,0,0,0,0,0,0,0,0,0,0,0,0,0,0,0,0,0,3,0,0,0,0,0,0,0,0,0,1,0,0,0,3,0,1,0,0
519184	109,0,0,0,0,0,0,3,4,4,10,2,3,0,4,1,3,3,5,1,4,4,7,7,22,1,2,2,8,3,8,1,7,1,3,0,7,1,5,3,7
115732	97,1,5,0,0,3,5,2,13,1,1,0,0,2,6,1,1,1,3,2,4,2,7,8,15,0,1,0,6,2,5,3,5,3,3,1,5,2,5,5,7
425206	75,1,6,2,7,0,0,0,0,2,3,3,4,6,16,2,3,0,0,0,0,0,0,8,13,0,3,3,4,0,0,2,5,1,4,0,3,1,3,1,1
425657	1,0,0,0,0,0,0,0,0,0,0,0,0,0,0,0,0,0,0,0,0,0,0,0,0,0,0,0,0,0,0,0,0,0,0,0,0,0,0,0,1
434567	91,0,4,2,3,0,0,0,0,2,4,1,5,0,5,0,1,1,3,3,11,1,3,2,9,1,1,2,5,2,4,2,4,3,9,2,9,1,4,4,7
452783	7,0,0,0,0,0,0,0,0,0,0,0,0,0,0,0,0,0,3,0,0,0,0,1,3,0,0,0,0,0,0,1,1,0,0,0,0,0,0,0,0
455104	68,1,3,0,0,1,3,1,2,0,1,0,0,3,6,0,1,0,4,2,4,5,7,7,17,0,0,0,1,1,4,1,2,1,2,2,3,1,4,0,4
457788	106,0,2,2,3,0,2,0,0,1,4,0,0,5,11,2,7,1,1,3,8,4,15,1,5,0,1,4,12,0,1,3,11,0,1,1,6,1,10,2,6
489413	39,0,0,0,0,1,2,0,0,1,5,0,0,0,3,1,1,0,0,0,0,3,4,4,7,0,0,0,1,1,4,0,0,1,4,1,3,0,1,1,4
493120	106,3,8,0,4,0,1,0,1,2,7,0,2,4,7,0,0,1,5,6,17,0,1,2,6,0,1,1,8,1,3,3,11,4,9,3,4,1,4,3,7
285078	110,0,0,0,3,4,12,0,0,2,4,0,3,0,2,1,2,0,0,3,9,7,14,3,14,1,1,2,5,3,5,7,17,4,6,1,5,0,5,1,3
425856	3,0,0,0,0,0,0,0,0,0,0,0,0,2,3,0,0,0,0,0,0,0,0,0,0,0,0,0,0,0,0,0,0,0,0,0,0,0,0,0,0
425900	60,2,7,0,2,1,1,0,0,1,3,0,0,1,4,1,4,0,0,1,8,1,1,4,9,0,0,1,4,0,0,0,1,0,9,0,4,1,3,0,0
429717	4,0,0,0,0,0,0,2,2,0,0,0,0,0,0,0,0,0,0,0,1,0,0,0,0,0,0,0,0,0,0,0,1,0,0,0,0,0,0,0,0
430652	48,0,1,0,1,0,1,1,6,3,8,0,1,0,0,1,1,0,1,0,1,0,0,3,7,0,0,0,0,0,2,1,3,1,5,2,2,3,7,1,1
435459	10,1,3,0,0,0,0,0,0,0,0,0,0,0,0,0,0,1,2,0,0,0,0,0,3,0,0,0,0,0,0,0,1,0,0,0,0,0,0,0,1
435558	55,0,0,1,1,1,2,4,8,0,0,1,1,0,3,1,7,0,1,1,2,0,0,4,8,0,0,1,2,2,4,4,9,0,6,0,1,0,0,0,0
451596	9,0,0,0,0,1,3,0,0,0,0,1,2,0,0,0,0,0,0,0,0,0,0,0,0,0,0,0,1,0,0,0,0,0,0,0,0,0,1,0,2
452234	92,3,4,0,0,1,4,5,11,1,3,0,0,2,5,0,1,2,5,1,5,0,4,6,17,0,1,2,5,3,6,2,5,1,3,1,2,0,3,3,8
457789	82,0,0,1,2,0,3,0,3,0,1,0,1,2,6,3,4,0,1,3,9,0,0,7,10,3,5,0,4,2,6,2,10,5,10,1,6,0,1,0,0
460055	4,0,0,0,0,0,0,0,0,0,0,0,0,0,0,0,0,0,0,0,0,0,0,0,0,0,0,0,1,0,0,0,0,0,0,0,0,0,0,1,3
488721	74,0,0,0,3,4,7,0,1,3,4,0,0,0,3,1,1,0,0,0,1,1,4,0,2,0,0,1,2,0,3,4,13,2,6,2,7,4,8,5,9
285079	10,0,0,0,0,0,0,1,2,0,1,0,0,0,0,0,0,0,0,1,3,0,0,0,0,0,2,0,0,0,0,0,2,0,0,0,0,0,0,0,0
408252	118,1,2,1,3,2,6,0,0,3,5,1,3,3,6,3,5,1,7,1,8,3,9,3,11,0,0,0,4,4,7,8,20,1,6,1,1,2,7,1,8
430950	2,0,0,0,0,0,0,0,0,0,0,0,0,0,0,0,0,0,0,0,0,0,0,1,2,0,0,0,0,0,0,0,0,0,0,0,0,0,0,0,0
433579	3,0,0,0,0,0,0,0,0,0,0,0,0,0,0,0,0,0,0,0,0,0,0,0,2,0,0,0,0,0,0,0,0,0,1,0,0,0,0,0,0
435180	73,1,4,0,4,0,1,0,0,0,0,1,1,0,1,1,4,0,0,1,7,5,11,0,0,2,5,1,4,1,4,3,16,0,1,1,5,1,5,0,0
435559	76,0,2,0,1,1,3,2,6,0,0,0,0,2,7,5,9,0,1,0,7,0,1,3,9,0,4,1,3,2,3,2,8,0,7,1,2,1,2,0,1
447736	5,0,0,0,0,0,1,0,0,0,0,0,0,0,0,0,1,0,0,0,0,0,0,0,2,0,0,0,0,0,0,0,0,1,1,0,0,0,0,0,0
455755	44,0,0,1,7,0,1,0,1,1,3,0,0,2,4,0,1,1,3,0,0,2,3,2,4,0,0,0,0,0,1,2,10,1,4,0,0,0,0,1,2
518692	100,1,1,2,2,2,4,0,0,4,8,0,0,2,9,2,8,0,0,0,6,5,16,2,4,0,1,3,12,0,0,6,13,0,1,0,1,3,10,1,4
543216	8,0,0,0,0,0,0,0,0,0,0,0,0,0,1,1,2,0,0,0,0,0,0,0,0,0,0,0,1,0,0,1,3,0,0,0,0,0,0,1,1
121125	1,0,0,0,0,0,0,0,0,0,0,0,0,0,0,0,0,0,0,0,0,0,0,0,0,0,0,0,0,0,0,0,0,0,1,0,0,0,0,0,0
150484	79,1,4,4,4,1,6,2,3,1,4,0,2,0,7,1,3,0,0,0,1,2,4,0,2,0,0,0,0,0,1,2,13,2,7,0,0,5,10,2,8
425902	107,4,6,2,4,2,3,2,3,2,2,1,3,1,3,4,7,1,6,4,7,3,5,9,16,0,0,3,7,2,6,6,13,1,3,3,5,2,3,4,5
429719	2,0,0,0,0,0,0,0,0,0,0,0,0,0,0,0,0,0,2,0,0,0,0,0,0,0,0,0,0,0,0,0,0,0,0,0,0,0,0,0,0
430203	59,0,1,0,1,0,2,5,10,0,0,0,0,0,3,0,2,0,0,3,9,0,0,2,11,1,1,0,3,1,6,0,3,1,4,1,2,0,1,0,0
450300	13,0,0,0,0,0,0,0,0,0,0,1,2,1,1,0,0,0,0,1,1,0,4,1,1,0,1,1,1,0,0,0,1,0,0,0,0,0,1,0,0
453974	50,0,0,0,0,0,0,0,0,1,2,2,6,3,3,1,7,0,0,0,1,1,1,4,13,0,0,0,0,1,3,1,3,1,3,1,2,0,0,1,6
462136	1,0,0,0,0,0,0,0,0,0,0,0,0,0,0,0,0,0,0,0,0,0,0,0,0,0,0,0,0,0,0,0,1,0,0,0,0,0,0,0,0
493574	7,0,0,0,0,0,0,0,0,0,3,0,0,0,0,0,0,0,0,0,0,1,3,0,0,0,0,0,1,0,0,0,0,0,0,0,0,0,0,0,0
506560	3,0,0,1,2,0,0,0,0,0,0,0,0,0,0,0,0,0,0,0,1,0,0,0,0,0,0,0,0,0,0,0,0,0,0,0,0,0,0,0,0
518792	61,0,1,0,0,0,1,0,0,1,7,0,0,3,5,2,3,0,0,0,1,2,7,2,4,0,0,5,13,0,1,4,10,0,0,1,2,1,5,0,1
543569	70,0,2,3,4,0,1,3,5,0,1,0,0,4,12,1,1,2,7,0,1,0,5,1,4,0,3,1,3,1,4,3,6,1,4,0,1,0,6,0,0
346857	8,1,1,0,0,1,2,0,0,0,0,0,0,1,2,1,1,0,0,0,0,0,0,0,0,0,0,0,0,0,0,0,1,0,0,0,0,0,1,0,0
425903	103,5,7,0,0,0,0,3,4,1,1,1,5,5,9,0,1,3,5,5,7,5,11,4,6,0,0,2,6,0,2,3,12,2,6,3,7,1,7,1,7
458628	36,0,1,0,0,0,1,0,0,0,0,0,0,0,7,2,8,0,1,0,0,1,3,1,1,0,0,0,1,0,1,0,0,0,0,0,4,3,6,0,2
460003	18,0,1,0,1,0,1,0,0,0,1,0,0,0,0,1,3,0,0,0,0,2,4,2,3,0,0,0,0,0,2,0,0,0,0,0,1,0,0,0,1
425904	10,0,0,0,0,0,0,2,7,0,0,0,0,0,0,0,2,0,0,0,0,0,0,0,0,0,0,0,0,0,0,0,0,0,1,0,0,0,0,0,0
450203	5,0,0,0,0,0,0,0,0,0,0,0,0,0,0,0,1,0,0,0,0,0,0,0,0,0,0,0,2,1,2,0,0,0,0,0,0,0,0,0,0
450852	1,0,0,0,0,0,0,0,0,0,0,0,0,0,0,0,0,0,0,0,0,0,0,0,0,0,0,0,0,0,0,0,0,0,0,0,1,0,0,0,0
452733	2,0,0,0,0,0,2,0,0,0,0,0,0,0,0,0,0,0,0,0,0,0,0,0,0,0,0,0,0,0,0,0,0,0,0,0,0,0,0,0,0
453525	41,0,1,1,1,0,1,0,0,0,3,0,0,1,1,0,1,0,0,0,0,0,3,4,12,0,1,1,3,4,6,0,2,0,0,1,3,0,0,0,3
460059	8,0,0,0,0,0,0,0,0,0,0,0,0,0,0,0,0,1,2,0,0,0,0,0,3,0,0,0,0,0,0,0,0,0,3,0,0,0,0,0,0
518794	9,0,0,0,0,0,1,0,0,0,0,0,0,0,2,0,0,0,0,0,3,0,0,0,1,0,0,0,1,0,0,0,0,0,0,0,0,0,0,0,1
123801	2,0,0,0,0,0,0,0,0,0,0,0,0,0,0,0,0,0,0,0,0,0,0,0,0,0,0,0,0,0,0,0,0,0,0,0,0,0,0,0,2
150289	107,4,10,0,2,0,0,0,1,1,5,1,6,5,7,0,1,0,4,6,14,1,3,3,9,0,1,1,6,2,6,2,9,3,7,1,4,4,5,4,7
346859	43,0,2,0,1,2,3,0,0,3,8,1,1,0,0,1,2,0,0,0,1,2,5,2,4,0,0,0,0,0,1,0,2,0,4,2,4,0,5,0,0
400083	95,0,1,2,6,1,1,0,1,0,4,0,0,5,15,1,7,1,3,0,1,0,2,9,19,0,1,0,2,1,4,2,8,2,6,0,1,1,4,4,9
425509	97,2,3,0,2,2,5,0,0,3,6,0,1,7,20,0,1,0,0,0,0,1,5,4,9,0,0,6,9,3,4,0,11,2,7,1,4,1,5,1,5
430404	62,0,0,0,0,1,2,0,0,0,1,3,3,1,1,1,3,1,2,0,2,3,6,3,7,0,0,0,0,1,2,6,15,2,6,1,2,3,5,2,5
450204	42,1,2,2,2,0,0,0,0,0,0,0,0,0,2,0,2,1,1,1,4,4,7,0,3,0,0,0,1,1,2,1,3,0,0,2,3,2,6,2,4
455759	114,2,5,4,6,1,2,2,8,2,3,3,4,3,9,2,7,0,1,3,5,7,9,5,11,0,0,2,9,3,8,1,9,0,3,1,4,3,5,1,6
488726	114,1,1,0,0,1,6,1,4,0,2,2,6,0,2,3,11,0,9,1,6,0,1,11,24,0,0,1,8,3,5,1,5,1,5,2,7,4,5,2,7
137140	27,0,0,2,5,2,7,0,0,2,2,0,0,0,3,0,0,0,0,0,1,0,0,0,0,0,0,1,3,0,1,1,5,0,0,0,0,0,0,0,0
407861	44,0,0,1,3,1,2,2,2,0,2,2,3,0,0,2,3,0,0,0,5,1,3,0,0,0,0,0,0,1,4,3,14,2,2,1,1,0,0,0,0
430603	76,2,6,1,2,3,8,0,0,3,11,0,0,2,7,1,2,0,1,0,0,2,5,3,6,0,1,1,5,0,0,4,12,2,5,1,2,0,3,0,0
471897	37,0,1,1,1,0,1,1,3,0,1,0,0,0,3,1,1,0,0,1,2,0,0,0,0,2,6,0,0,0,0,3,4,6,8,0,1,0,3,0,2
400085	114,2,2,0,2,0,0,0,8,0,1,0,1,0,1,4,9,0,0,8,17,1,7,3,6,2,7,1,3,1,4,1,11,6,13,0,1,5,12,1,9
407862	45,1,6,0,1,0,0,0,0,0,1,0,1,1,1,0,0,0,0,0,4,0,0,2,9,0,0,3,5,2,6,0,1,0,0,2,7,2,2,0,1
431171	99,3,7,1,4,0,3,1,3,0,0,1,3,0,3,1,4,2,6,2,6,0,2,6,15,0,0,1,6,2,8,2,14,0,3,2,5,0,3,1,4
459991	113,1,3,0,1,2,5,0,0,1,1,1,3,3,9,2,4,3,9,1,9,2,6,3,4,3,9,3,7,2,3,2,8,2,6,4,8,2,13,1,5
502154	5,0,0,0,0,0,0,0,0,0,0,0,0,0,0,0,0,0,0,0,0,1,2,0,0,0,0,0,0,0,0,0,0,0,0,2,3,0,0,0,0
133380	108,2,10,1,3,0,0,0,1,0,3,0,4,1,7,0,1,2,7,2,8,1,1,5,12,0,1,3,6,1,5,8,10,3,7,3,10,4,6,1,6
400284	102,1,3,1,2,1,2,4,7,0,0,2,2,2,11,4,8,1,3,5,8,5,10,1,8,0,1,0,1,2,2,3,9,0,0,4,9,2,7,3,9
425386	3,0,0,0,0,0,0,0,0,0,0,0,0,0,1,0,0,0,0,1,2,0,0,0,0,0,0,0,0,0,0,0,0,0,0,0,0,0,0,0,0
429841	55,1,3,0,0,0,1,0,0,1,6,0,1,2,3,1,6,0,0,0,1,4,4,1,4,0,3,1,1,1,3,2,5,2,8,1,3,1,1,0,2
430083	3,0,0,0,0,0,0,0,0,0,0,0,0,0,0,0,1,0,0,0,1,0,0,0,0,0,0,0,1,0,0,0,0,0,0,0,0,0,0,0,0
430605	74,2,4,0,1,0,4,0,0,3,9,0,1,4,14,1,2,0,0,0,0,3,6,1,9,0,1,0,6,0,4,0,0,2,6,2,3,0,0,2,4
430957	9,0,3,0,2,0,0,0,0,0,0,0,0,0,0,0,0,0,0,0,0,0,1,0,1,0,0,0,0,0,0,0,1,1,1,0,0,0,0,0,0
450306	2,0,0,0,0,0,0,0,0,0,0,0,0,0,0,0,0,0,0,0,0,0,0,0,0,0,0,0,0,0,0,0,0,0,0,0,0,0,0,0,2
474319	5,0,0,0,0,0,0,0,0,0,0,1,1,0,0,0,1,0,0,0,0,0,0,0,0,0,0,0,0,0,0,1,3,0,0,0,0,0,0,0,0
502100	9,0,0,0,0,0,0,0,0,1,3,0,0,0,0,0,1,0,0,0,0,2,4,0,0,0,0,0,1,0,0,0,0,0,0,0,0,0,0,0,0
117244	94,0,2,1,4,2,2,0,0,1,3,0,0,6,20,1,1,6,10,1,1,1,3,6,7,1,3,1,5,2,5,6,10,2,5,3,7,2,6,0,0
340192	72,1,3,0,0,0,0,2,3,2,4,1,4,2,2,0,0,2,4,2,8,2,3,2,7,0,0,2,4,2,2,2,7,2,5,1,6,2,7,0,3
425783	85,0,2,2,2,0,3,0,3,0,1,1,3,3,6,1,5,2,3,3,6,0,3,4,10,0,0,1,6,3,5,2,6,3,7,1,3,2,5,1,6
456121	93,0,0,2,8,2,3,0,1,1,1,2,4,2,5,1,8,0,0,2,4,4,11,3,6,0,0,6,7,3,6,7,17,0,6,1,2,0,0,0,4
476570	2,0,0,0,0,0,0,0,0,0,0,0,0,0,0,0,0,0,0,0,0,0,0,0,2,0,0,0,0,0,0,0,0,0,0,0,0,0,0,0,0
276519	98,0,2,4,5,1,2,1,4,0,0,0,1,1,13,2,8,1,4,2,4,2,8,1,5,0,0,0,3,1,6,3,8,0,0,7,10,1,8,4,7
408206	12,0,0,0,0,0,0,0,0,0,2,0,0,0,0,0,0,0,0,0,0,0,2,0,4,0,0,0,0,1,1,0,0,0,2,0,0,0,0,0,1
408305	23,0,0,1,4,0,0,0,0,0,0,0,0,1,4,0,0,0,0,0,0,2,7,0,0,0,0,0,1,0,4,1,1,0,0,0,1,0,0,1,1
425784	34,0,0,0,0,0,0,0,0,0,2,0,0,0,1,1,2,0,0,0,4,0,3,3,10,1,2,0,0,2,7,0,0,0,2,0,1,0,0,0,0
430904	9,1,2,0,0,0,0,0,0,0,0,0,0,0,0,0,0,0,0,0,0,0,0,0,2,0,0,1,1,0,0,1,4,0,0,0,0,0,0,0,0
434540	70,0,1,0,0,1,1,1,2,3,10,0,0,2,6,1,7,1,1,0,1,2,5,4,8,0,2,0,1,3,3,1,9,1,3,3,5,0,1,3,4
450308	4,0,0,0,0,0,0,0,0,0,0,0,0,0,0,0,2,0,0,0,0,0,0,0,0,0,0,0,0,0,0,0,0,0,0,0,0,0,0,1,2
455088	91,3,7,0,2,0,0,0,1,1,4,1,6,4,7,0,0,1,4,5,12,0,2,1,4,0,2,2,6,2,4,1,5,2,9,2,7,0,1,2,8
477165	89,0,1,0,1,0,4,2,4,1,6,0,2,2,2,0,2,1,1,3,5,0,1,6,17,1,3,2,5,3,5,0,4,1,7,4,5,3,9,3,5
502003	66,0,1,0,0,0,3,1,3,0,0,0,0,0,3,4,7,0,1,1,7,0,1,6,7,1,4,0,2,1,4,4,8,6,8,1,5,0,2,0,0
543819	2,0,0,0,0,0,0,0,2,0,0,0,0,0,0,0,0,0,0,0,0,0,0,0,0,0,0,0,0,0,0,0,0,0,0,0,0,0,0,0,0
150438	1,0,1,0,0,0,0,0,0,0,0,0,0,0,0,0,0,0,0,0,0,0,0,0,0,0,0,0,0,0,0,0,0,0,0,0,0,0,0,0,0
408108	39,0,0,3,6,1,1,0,1,0,0,0,1,1,4,1,3,0,0,0,1,0,0,4,6,0,0,0,2,0,1,0,3,0,0,0,0,0,3,2,7
425686	88,0,0,0,2,0,2,1,7,0,1,0,0,1,3,2,6,0,0,4,11,1,2,3,10,2,5,2,5,4,6,5,12,4,6,2,7,0,1,1,2
425785	84,1,4,0,1,2,5,0,0,0,1,0,0,1,5,0,4,1,6,5,8,0,4,0,1,1,4,1,6,1,3,1,7,3,5,3,7,3,8,0,5
458950	4,0,0,0,0,0,1,0,0,0,0,0,0,0,3,0,0,0,0,0,0,0,0,0,0,0,0,0,0,0,0,0,0,0,0,0,0,0,0,0,0
466320	126,3,7,2,4,2,4,1,3,3,12,0,3,2,9,3,6,1,4,4,10,4,8,1,7,2,3,4,12,2,5,3,13,3,9,2,5,0,0,0,2
475582	69,1,3,1,2,2,6,0,3,3,8,1,1,1,4,3,7,0,0,3,11,0,1,0,2,0,0,0,2,0,4,0,3,1,8,0,0,1,4,0,0
340393	12,0,1,0,0,0,0,0,0,1,1,0,0,2,2,1,1,0,0,0,0,0,0,0,0,0,0,0,0,1,3,1,4,0,0,0,0,0,0,0,0
400134	58,0,2,0,2,0,3,0,0,1,3,0,0,2,5,1,8,1,1,0,6,1,5,1,1,0,0,1,3,0,0,1,1,0,2,1,3,1,8,2,5
407812	51,0,0,2,3,1,3,2,2,2,4,1,5,1,3,1,2,0,0,1,3,0,0,0,2,0,0,2,6,0,0,4,10,1,1,1,3,0,1,2,3
408307	57,0,3,1,1,0,0,0,0,2,4,0,0,3,5,0,0,1,3,0,1,2,5,1,4,0,0,0,4,2,2,4,11,0,1,1,6,0,3,1,4
459941	48,1,2,0,0,0,1,0,3,1,2,1,1,2,3,1,6,1,4,1,5,1,1,0,6,0,0,2,5,0,0,0,3,1,5,1,1,0,0,0,0
534631	1,0,0,0,0,0,0,0,0,0,0,0,0,0,0,0,0,0,0,0,0,0,0,0,0,0,0,0,1,0,0,0,0,0,0,0,0,0,0,0,0
134320	8,0,0,0,0,0,0,0,0,0,0,0,1,0,0,0,1,1,3,1,2,0,0,0,0,0,0,0,0,0,0,0,0,0,0,0,0,0,0,0,1
150061	8,0,0,0,0,0,0,0,0,0,4,0,0,0,1,0,0,0,0,0,1,1,2,0,0,0,0,0,0,0,0,0,0,0,0,0,0,0,0,0,0
430583	112,0,0,3,10,1,4,1,3,2,5,2,4,2,5,3,9,0,0,4,4,8,16,0,6,0,0,4,8,2,8,5,15,2,9,0,2,0,0,1,4
453056	114,2,3,0,2,0,0,2,4,1,3,0,6,1,7,1,4,3,7,2,9,5,12,3,7,1,1,4,7,1,3,3,11,0,4,6,7,4,8,3,9
456422	112,1,3,0,0,0,1,6,9,2,9,0,3,1,1,0,1,0,0,1,4,3,7,6,17,1,3,2,6,4,8,4,6,2,8,2,8,7,11,1,7
134321	6,0,0,0,0,0,0,0,0,0,0,0,1,0,0,0,0,0,0,0,1,0,0,0,2,0,0,0,0,0,0,0,0,0,0,0,2,0,0,0,0
421124	48,0,3,0,0,0,1,0,0,2,5,0,1,0,5,1,4,0,0,0,0,0,0,2,6,0,1,0,1,0,3,4,10,0,1,1,2,0,4,0,1
434643	6,0,0,0,0,0,0,0,2,0,0,0,0,0,0,0,0,0,0,0,0,0,0,0,1,0,0,0,0,0,2,0,0,0,0,0,0,0,1,0,0
448602	96,2,4,4,4,0,2,0,0,0,0,1,2,1,2,2,3,0,0,4,7,4,10,0,1,3,7,6,8,2,3,7,21,0,2,5,11,2,5,1,4
460086	114,3,5,3,4,2,3,2,3,3,13,1,3,4,9,2,4,2,4,2,8,1,10,4,7,0,0,6,12,3,5,2,9,3,6,3,7,0,0,0,2
474892	1,0,0,0,0,0,0,0,0,0,0,0,0,0,0,0,0,0,0,0,0,0,0,0,1,0,0,0,0,0,0,0,0,0,0,0,0,0,0,0,0
136500	35,0,1,0,0,0,1,0,0,0,0,0,1,0,3,0,1,1,2,1,1,1,2,2,4,1,3,0,1,0,0,0,2,1,1,0,1,0,10,0,1
448306	4,0,0,0,1,0,0,0,0,0,0,0,0,0,2,0,0,0,0,0,0,0,0,0,0,0,0,0,1,0,0,0,0,0,0,0,0,0,0,0,0
448801	4,0,0,0,0,0,0,0,0,0,0,0,0,0,1,0,0,0,0,0,0,2,3,0,0,0,0,0,0,0,0,0,0,0,0,0,0,0,0,0,0
453454	32,0,0,1,1,1,1,2,9,0,1,1,1,0,0,1,1,0,0,0,0,1,1,2,6,0,0,0,0,2,3,2,5,1,3,0,0,0,0,0,0
457568	31,0,0,0,2,1,2,0,0,0,0,0,0,0,3,0,1,0,0,1,6,2,6,1,2,0,0,1,1,0,1,0,0,0,0,0,1,1,2,3,4
489149	108,0,2,0,0,0,3,0,1,0,1,1,3,2,9,2,4,5,11,1,8,2,6,1,3,4,9,2,8,2,6,2,8,0,6,1,6,2,11,3,3
493351	101,0,3,0,4,0,2,4,7,1,2,0,0,6,23,0,3,3,10,0,0,2,5,4,8,2,4,0,1,2,6,2,6,2,5,0,5,2,7,0,0
543742	18,0,0,0,3,0,0,0,0,0,0,1,3,0,1,0,0,0,0,0,3,0,0,0,4,0,0,0,0,0,0,0,0,0,0,0,2,0,1,1,1
573244	1,0,0,0,0,0,0,0,0,0,0,0,0,0,1,0,0,0,0,0,0,0,0,0,0,0,0,0,0,0,0,0,0,0,0,0,0,0,0,0,0
136600	2,0,0,0,0,0,0,0,0,0,0,0,0,0,0,0,0,0,0,0,0,0,0,0,0,0,0,1,2,0,0,0,0,0,0,0,0,0,0,0,0
425834	108,0,2,0,0,1,5,2,2,2,10,0,1,3,7,2,7,0,0,1,7,3,5,0,12,1,1,0,1,3,7,5,14,2,8,0,6,1,7,3,6
448802	11,0,0,1,2,0,0,0,0,0,1,0,0,0,0,0,0,0,0,0,0,0,0,0,3,0,0,0,2,0,0,0,0,0,0,0,0,0,2,0,1
449072	5,0,0,0,0,0,0,0,0,0,0,0,0,0,0,0,0,0,0,0,0,0,0,0,0,0,0,0,1,0,0,0,2,0,0,0,2,0,0,0,0
453400	95,1,1,0,1,1,2,1,7,1,6,2,2,0,1,1,2,0,0,0,0,1,4,8,20,0,3,3,5,1,5,1,4,4,8,1,7,5,12,1,5
474443	1,0,0,0,0,0,0,0,0,0,0,0,0,0,0,0,0,0,0,0,0,0,0,0,0,0,0,0,0,0,0,0,0,0,0,0,0,0,0,0,1
502009	7,0,0,0,0,0,0,0,0,0,0,0,0,0,0,0,0,0,0,0,0,1,3,0,0,0,0,0,0,0,0,1,2,0,2,0,0,0,0,0,0
111851	76,0,0,0,1,0,3,1,3,2,3,3,5,2,6,3,3,3,7,0,4,0,1,4,17,0,0,0,2,0,0,2,6,2,3,0,7,1,4,1,1
444843	111,3,6,6,9,1,1,0,0,1,6,0,0,5,17,4,6,0,0,3,11,0,0,1,18,3,5,1,7,0,0,1,4,6,11,1,3,2,3,2,4
448605	53,1,2,0,1,0,1,0,0,2,3,0,1,0,3,3,6,0,0,1,1,2,3,3,8,0,0,0,0,0,3,2,5,4,8,1,2,1,6,0,0
462564	104,1,4,1,2,0,3,0,0,0,7,0,0,1,10,2,9,0,0,4,6,5,13,2,3,0,2,1,12,1,2,4,11,0,2,2,3,2,12,1,3
468504	9,0,0,0,0,0,0,2,2,0,0,0,2,0,0,0,0,0,2,0,0,0,0,0,2,0,0,0,0,0,0,0,1,0,0,0,0,0,0,0,0
502082	8,0,0,0,0,0,0,0,0,0,1,0,0,0,0,2,3,1,3,0,0,0,0,0,0,0,0,0,1,0,0,0,0,0,0,0,0,0,0,0,0
276346	23,0,0,0,0,0,0,0,0,0,0,0,0,0,8,0,0,0,0,0,0,0,1,0,6,0,0,2,2,0,0,0,1,0,2,0,1,0,0,0,2
407296	8,0,0,0,0,0,0,0,0,0,0,0,0,0,0,0,0,0,0,0,0,0,0,0,0,0,0,0,0,0,0,1,3,0,0,2,5,0,0,0,0
407890	6,0,0,0,0,0,0,0,0,0,1,0,0,0,0,0,0,0,0,1,3,0,0,0,0,0,0,0,0,0,0,0,2,0,0,0,0,0,0,0,0
444448	23,1,3,0,0,0,1,0,0,1,2,0,0,1,4,1,2,0,1,0,0,4,4,0,1,0,0,0,0,0,1,0,1,1,3,0,0,0,0,0,0
445988	22,1,1,0,0,1,1,0,0,0,0,0,0,0,3,2,6,0,1,0,0,2,4,0,1,0,0,0,0,0,0,0,0,0,0,1,1,1,4,0,0
453303	36,3,3,1,1,1,2,0,0,2,4,1,1,2,2,0,1,0,0,1,4,0,1,1,2,1,3,0,0,1,1,0,3,2,6,0,1,0,0,1,1
467092	81,0,1,1,2,1,6,2,6,1,9,0,0,1,6,2,7,1,1,5,12,3,6,1,8,0,0,0,3,0,2,3,6,1,5,1,1,0,0,0,0
468406	48,2,4,0,0,0,3,1,8,1,3,1,3,0,0,0,1,2,3,0,2,0,1,0,4,0,0,0,0,2,7,0,0,1,2,0,1,0,1,1,5
116380	92,1,2,0,0,1,1,4,6,0,0,0,0,2,10,3,8,0,4,1,2,3,10,0,5,1,1,2,4,0,2,2,6,1,3,3,10,1,7,2,11
122644	20,0,2,0,0,0,1,0,0,0,0,0,1,0,0,0,1,0,0,2,5,0,0,0,1,0,0,0,0,0,0,0,0,2,6,0,1,1,1,0,1
276545	110,0,5,0,2,8,15,0,0,1,4,0,3,1,1,2,6,0,0,1,9,5,13,2,11,0,0,3,4,3,4,2,14,1,6,2,6,2,5,0,2
430930	54,0,0,0,2,1,1,0,0,1,4,1,1,0,0,0,1,1,5,4,4,0,0,4,7,0,0,2,3,0,5,3,7,4,7,0,1,1,4,2,2
443558	105,2,4,0,3,2,10,0,0,1,4,0,3,0,0,3,7,0,0,3,9,3,14,3,11,0,0,1,3,4,5,4,13,3,6,1,5,1,5,0,3
445060	7,0,0,0,0,0,0,0,0,0,0,0,0,0,0,0,0,1,2,0,0,0,0,1,1,0,0,0,0,0,2,0,2,0,0,0,0,0,0,0,0
457292	45,1,1,0,0,0,0,0,4,1,1,1,1,1,4,0,1,0,3,0,3,1,3,3,9,0,0,1,5,0,3,0,0,0,1,1,4,1,2,0,0
474699	4,0,0,0,0,0,0,0,2,0,0,0,0,0,2,0,0,0,0,0,0,0,0,0,0,0,0,0,0,0,0,0,0,0,0,0,0,0,0,0,0
543647	46,0,0,0,1,1,3,0,0,1,2,0,0,1,5,2,7,0,0,1,5,0,0,1,6,0,0,0,0,0,3,1,1,2,4,3,4,0,0,1,5
121358	32,0,2,2,2,0,0,0,0,0,0,1,1,2,4,3,6,0,0,0,3,0,0,1,4,0,0,0,0,0,1,0,0,1,3,1,2,0,4,0,0
282332	3,0,0,0,0,0,3,0,0,0,0,0,0,0,0,0,0,0,0,0,0,0,0,0,0,0,0,0,0,0,0,0,0,0,0,0,0,0,0,0,0
407793	3,0,0,0,0,0,0,0,0,0,0,0,0,0,0,0,0,0,0,0,0,0,0,0,0,0,0,0,0,0,0,0,0,1,3,0,0,0,0,0,0
430634	1,0,0,0,0,0,0,0,0,0,0,0,0,0,0,0,0,0,0,0,0,0,0,0,0,0,0,0,0,0,0,1,1,0,0,0,0,0,0,0,0
430832	111,3,7,1,4,3,6,1,9,2,4,2,2,5,7,1,5,0,0,4,10,0,2,10,18,0,0,0,0,1,6,6,15,4,8,1,4,0,0,1,4
435062	94,3,4,3,4,1,6,1,4,1,5,1,3,2,6,1,4,0,0,0,1,3,5,0,2,0,0,0,3,0,2,4,15,3,5,1,5,3,9,2,11
447816	24,0,0,0,0,0,0,1,1,0,1,0,0,1,1,0,0,0,0,2,4,0,2,1,5,0,1,0,0,0,2,0,3,1,1,0,0,0,2,0,1
458085	65,0,0,0,0,2,3,0,0,0,2,0,3,0,0,1,4,4,11,0,0,0,5,0,5,0,0,4,7,0,3,2,3,3,4,1,6,1,4,2,5
461874	18,1,1,1,3,0,0,0,0,0,0,0,0,0,0,0,0,0,0,0,1,2,3,1,1,1,3,1,3,0,0,0,0,0,0,0,1,0,0,1,2
502481	5,0,0,0,0,0,0,0,0,0,0,0,0,0,0,0,0,0,0,0,0,0,0,0,0,0,0,0,0,0,0,0,0,0,1,2,4,0,0,0,0
116706	82,1,3,1,2,1,2,0,0,0,3,0,0,4,7,1,10,0,0,1,4,3,12,1,4,1,2,5,10,0,0,0,1,0,1,2,3,2,12,3,6
150212	107,0,3,0,0,0,0,0,3,1,10,2,2,2,4,0,3,2,4,4,5,3,8,7,23,1,2,3,6,3,7,2,6,2,3,3,5,4,6,5,7
276547	33,1,1,0,1,1,3,0,0,0,0,0,2,0,6,0,1,0,0,0,1,0,0,0,0,2,5,0,0,0,0,0,1,1,1,0,1,4,10,0,0
279913	105,0,7,2,5,1,5,3,9,0,2,1,1,2,6,3,5,0,0,3,9,0,3,5,12,0,0,0,0,1,6,3,17,4,10,0,4,0,0,2,4
400061	7,0,0,0,0,0,0,0,2,0,0,0,0,0,1,0,0,0,0,0,0,0,2,0,0,0,0,0,0,0,0,0,0,0,0,0,0,0,0,1,2
407893	108,2,5,3,8,4,8,0,0,0,0,0,0,1,5,0,3,0,0,4,8,3,8,6,20,1,3,2,5,0,7,5,8,0,3,2,2,0,8,1,7
408036	4,0,0,0,0,0,0,0,0,0,0,0,0,0,0,0,0,0,0,0,0,0,1,0,0,0,0,0,0,2,2,0,1,0,0,0,0,0,0,0,0
408234	113,4,6,3,3,0,5,0,0,5,11,0,0,12,20,0,4,0,0,1,2,2,6,5,10,1,1,4,7,3,3,8,13,4,9,1,3,3,5,2,5
435063	30,0,3,0,0,1,2,0,0,1,3,0,0,0,0,0,1,0,0,0,0,0,3,2,6,0,0,1,4,0,0,1,4,1,1,0,0,0,3,0,0
457915	1,0,0,0,0,0,0,0,0,0,0,0,0,0,0,0,0,0,0,0,0,0,0,1,1,0,0,0,0,0,0,0,0,0,0,0,0,0,0,0,0
461325	1,0,0,0,0,0,0,0,0,0,0,0,0,0,0,0,0,0,0,0,0,0,1,0,0,0,0,0,0,0,0,0,0,0,0,0,0,0,0,0,0
502031	13,0,0,0,1,0,0,0,0,0,0,0,0,0,2,0,0,0,0,0,0,1,1,0,0,2,3,2,5,0,0,0,0,0,0,0,1,0,0,0,0
150411	7,0,0,0,0,0,0,0,3,0,0,0,0,0,3,0,0,0,1,0,0,0,0,0,0,0,0,0,0,0,0,0,0,0,0,0,0,0,0,0,0
333292	22,0,0,0,0,0,0,0,3,0,0,0,0,0,0,1,3,0,0,2,3,0,3,0,3,0,0,0,0,0,0,0,3,1,1,0,0,0,1,0,2
435064	14,0,0,0,0,0,1,0,0,0,3,0,0,1,1,1,1,0,0,0,0,0,0,0,0,0,0,0,0,0,1,1,3,0,0,0,1,0,0,2,3
453181	48,0,2,0,0,1,4,0,3,1,1,0,0,3,3,0,2,0,3,2,5,1,1,0,3,0,0,2,2,0,3,1,5,0,2,1,4,1,3,0,2
458582	62,1,1,0,0,0,5,1,2,5,7,0,0,1,3,0,1,0,0,1,2,1,2,3,11,0,1,0,0,0,1,1,8,0,7,1,2,1,3,1,6
458681	5,0,0,0,0,0,0,0,0,0,1,0,0,0,0,0,0,0,0,0,0,0,0,0,0,0,0,0,0,0,2,1,2,0,0,0,0,0,0,0,0
458708	2,0,0,0,0,0,0,0,0,0,0,0,0,0,0,0,0,2,2,0,0,0,0,0,0,0,0,0,0,0,0,0,0,0,0,0,0,0,0,0,0
502032	12,0,0,0,0,0,0,0,0,0,2,0,0,0,1,0,0,0,0,0,0,0,0,0,0,0,1,2,3,1,1,0,0,0,2,0,0,0,0,0,2
115817	9,0,0,1,2,0,1,0,0,0,0,0,0,0,2,1,2,0,0,0,0,0,0,1,2,0,0,0,0,0,0,0,0,0,0,0,0,0,0,0,0
284568	10,0,0,0,0,0,1,0,1,0,0,0,0,0,0,0,0,0,0,1,1,0,1,1,1,0,0,0,1,0,0,1,3,0,0,0,0,0,0,0,1
408236	108,4,5,0,1,0,0,0,3,1,3,1,4,5,7,2,5,3,7,5,8,7,10,3,7,0,0,4,7,1,2,8,13,1,4,1,7,4,8,3,7
430637	102,2,5,1,4,0,0,1,6,0,0,1,4,1,5,0,7,0,0,3,6,3,10,2,11,0,0,6,11,2,6,1,7,1,4,3,4,3,5,1,7
435263	92,2,3,0,0,0,1,0,0,5,8,0,0,5,11,2,9,0,0,4,7,8,14,1,3,0,2,5,12,1,1,3,7,0,0,1,2,2,8,1,4
444371	10,0,0,0,0,0,0,0,0,0,3,0,0,0,2,0,0,0,0,0,0,0,0,1,3,1,2,0,0,0,0,0,0,0,0,0,0,0,0,0,0
453281	2,0,0,0,0,0,0,0,0,0,0,0,0,0,0,0,2,0,0,0,0,0,0,0,0,0,0,0,0,0,0,0,0,0,0,0,0,0,0,0,0
458709	12,0,0,0,0,0,0,0,0,0,2,0,0,0,0,0,0,0,0,3,7,0,2,0,1,0,0,0,0,0,0,0,0,0,0,0,0,0,0,0,0
543272	4,0,0,0,0,0,0,0,0,0,0,0,0,0,0,0,0,0,2,0,0,0,0,0,0,0,0,0,0,0,0,0,0,0,2,0,0,0,0,0,0
117276	31,0,2,0,3,0,0,0,3,0,0,0,2,1,2,0,2,0,0,2,3,0,1,2,5,0,0,1,5,0,0,0,1,0,1,0,0,0,0,0,1
150116	8,0,0,1,2,0,0,0,0,0,0,0,0,0,0,0,0,0,0,0,2,0,0,2,2,0,0,0,0,0,0,0,2,0,0,0,0,0,0,0,0
207267	2,0,0,0,0,0,0,0,0,0,0,0,0,0,0,0,0,0,0,0,0,0,0,0,0,0,0,0,0,0,0,0,0,0,0,0,0,0,0,0,2
333492	111,0,0,3,9,0,1,0,0,2,4,2,2,9,20,3,10,0,5,0,1,3,5,5,14,0,1,0,1,3,5,2,9,3,10,1,1,1,4,2,9
425661	58,1,1,1,1,1,1,1,2,0,1,0,0,0,1,0,0,3,3,2,6,4,8,3,11,2,3,0,0,0,1,1,4,0,3,4,10,0,1,0,1
430935	11,0,0,0,0,0,0,0,0,0,1,0,0,0,2,0,0,0,0,1,1,0,0,0,0,0,0,0,0,0,0,0,0,1,2,0,0,0,0,1,5
434670	52,0,2,0,0,1,4,0,0,0,0,0,2,3,6,0,0,0,0,2,6,1,1,1,1,0,10,0,0,0,0,1,5,2,2,3,6,2,7,0,0
457918	8,0,0,0,0,0,0,0,0,0,0,0,0,0,0,0,0,0,0,0,0,0,0,0,2,0,0,0,1,1,1,0,0,0,0,1,2,0,0,0,2
502034	66,0,0,1,8,0,0,0,0,0,3,0,0,3,15,5,9,1,1,0,0,0,1,4,10,1,1,0,1,1,2,1,1,1,9,0,2,0,2,0,1
150414	10,0,0,0,0,0,0,0,0,0,1,0,0,0,0,0,0,0,0,2,5,0,0,0,0,0,0,0,0,0,2,1,2,0,0,0,0,0,0,0,0
433582	82,0,0,0,1,0,1,2,4,0,0,0,0,3,6,4,8,0,1,5,10,0,2,4,14,0,4,0,4,0,3,4,8,2,9,4,5,1,1,1,1
434671	11,0,0,0,0,0,2,0,0,0,0,0,0,2,3,0,0,0,0,0,0,0,0,0,0,0,0,0,0,0,0,0,0,0,0,0,4,1,2,0,0
111904	38,0,1,0,0,0,0,0,0,0,0,0,3,0,2,0,0,1,4,1,3,2,8,0,3,0,0,0,3,0,0,0,6,0,0,1,4,0,1,0,0
112020	11,0,0,1,3,0,0,0,0,0,0,0,0,0,0,0,0,0,0,1,1,0,0,0,0,0,0,1,2,0,0,0,0,0,0,1,3,0,0,0,2
136880	15,0,0,0,0,0,0,0,0,0,0,0,0,0,1,0,4,0,0,2,3,0,0,0,0,0,0,0,0,0,0,0,0,0,0,2,6,0,1,0,0
429722	2,0,0,0,0,0,0,0,0,0,0,0,0,0,0,0,0,0,0,0,0,0,0,0,0,0,0,1,2,0,0,0,0,0,0,0,0,0,0,0,0
460060	101,0,0,1,2,1,2,2,8,0,1,0,0,0,5,4,7,0,1,5,13,2,3,2,12,0,0,1,6,4,9,5,12,2,11,1,6,0,2,0,1
467793	116,1,1,2,2,2,4,2,4,1,2,1,6,3,6,4,9,0,7,1,9,0,3,7,22,0,0,4,6,2,4,1,8,5,7,3,5,2,5,2,6
519317	98,0,3,1,2,2,5,0,0,0,0,1,3,2,5,2,6,5,9,3,9,2,6,2,3,0,9,0,6,0,0,1,8,3,7,2,7,3,5,1,5
543022	5,0,0,0,0,1,1,0,0,0,0,0,0,0,0,0,0,0,0,0,0,0,0,0,0,0,0,0,0,0,0,0,0,1,2,0,0,2,2,0,0
121409	80,0,2,0,0,0,6,0,0,1,6,1,5,2,6,0,3,1,4,1,5,1,3,4,4,0,0,0,0,1,4,4,13,4,5,0,0,2,7,1,7
150119	5,0,0,0,0,0,0,0,0,0,0,0,0,0,2,0,0,0,0,0,0,2,2,0,1,0,0,0,0,0,0,0,0,0,0,0,0,0,0,0,0
425664	110,0,1,1,3,0,1,2,6,1,2,1,2,3,11,1,9,2,4,2,7,5,10,4,8,1,1,2,3,1,5,5,8,1,3,6,12,1,7,3,7
433584	2,0,0,0,0,0,0,0,0,0,0,0,2,0,0,0,0,0,0,0,0,0,0,0,0,0,0,0,0,0,0,0,0,0,0,0,0,0,0,0,0
450260	12,0,0,0,0,0,0,2,4,0,0,0,0,0,0,0,0,0,0,0,1,0,0,0,5,0,0,0,0,0,1,0,0,0,0,0,0,0,1,0,0
452718	7,0,1,1,2,0,1,0,0,0,0,0,0,0,0,0,0,0,0,0,0,0,0,0,0,0,0,0,0,0,0,0,1,0,0,1,2,0,0,0,0
476451	2,0,0,0,0,0,0,0,0,0,0,0,0,0,0,0,0,0,0,0,0,0,0,0,0,0,0,0,0,0,0,0,0,0,0,0,0,0,0,0,2
123660	39,0,0,0,0,0,0,0,0,2,3,0,3,1,5,0,0,0,0,1,3,2,3,4,7,0,0,0,1,2,3,0,4,1,1,2,5,0,1,0,0
150093	56,4,6,0,1,0,0,0,0,2,2,0,2,3,4,0,1,0,3,2,6,0,2,2,6,0,0,0,2,2,5,1,3,2,3,1,3,1,1,1,6
433585	2,0,0,0,0,0,0,0,2,0,0,0,0,0,0,0,0,0,0,0,0,0,0,0,0,0,0,0,0,0,0,0,0,0,0,0,0,0,0,0,0
453286	2,0,0,0,0,0,0,0,0,0,0,0,0,0,0,0,0,0,0,0,0,0,0,0,2,0,0,0,0,0,0,0,0,0,0,0,0,0,0,0,0
453385	10,0,0,2,5,0,0,0,0,0,0,0,0,0,0,0,0,0,0,0,0,0,0,0,0,0,0,0,0,0,0,1,1,0,2,0,0,0,0,1,2
455167	23,0,0,0,0,0,0,0,0,0,0,0,5,0,0,0,0,1,3,0,1,0,0,2,7,0,0,0,0,0,0,1,1,0,0,0,2,0,4,0,0
458731	91,2,2,2,5,4,8,0,0,0,0,0,0,2,8,1,3,0,2,4,7,2,7,5,17,0,0,3,4,1,5,3,7,1,4,1,1,1,4,5,7
543475	7,0,0,0,0,0,0,1,3,0,0,0,0,0,0,0,0,0,0,0,2,0,0,0,0,0,0,0,0,0,0,0,0,0,0,0,0,0,2,0,0
